0 8195 Turbo Tow
0 Name: 8195 Turbo Tow.ldr
0 Author: C3POwen
0 Official Model
1 0 0 0 0 0 0 1 0 1 0 -1 0 0 3034.dat
1 4 0 -8 -60 0 0 1 0 1 0 -1 0 0 3022.dat
1 4 0 -8 60 0 0 1 0 1 0 -1 0 0 3022.dat
0 STEP
1 4 -20 -24 0 0 0 1 0 1 0 -1 0 0 3001.dat
1 4 20 -24 0 0 0 1 0 1 0 -1 0 0 3001.dat
0 STEP
1 4 0 -16 -60 1 0 0 0 1 0 0 0 1 44674.dat
1 4 0 -24 60 1 0 0 0 1 0 0 0 1 3788.dat
1 4 0 -24 -50 1 0 0 0 1 0 0 0 1 2412b.dat
0 STEP
1 0 0 8 -50 0 0 1 0 1 0 -1 0 0 3021.dat
1 0 0 8 0 1 0 0 0 1 0 0 0 1 3020.dat
1 0 0 8 50 0 0 1 0 1 0 -1 0 0 3021.dat
0 STEP
1 0 0 8 -60 1 0 0 0 1 0 0 0 1 6157.dat
1 0 0 8 60 1 0 0 0 1 0 0 0 1 6157.dat
0 STEP
1 4 0 -24 -70 1 0 0 0 1 0 0 0 1 44728.dat
1 0 -10 6 -92 0 0 1 1 0 0 0 1 0 2555.dat
1 0 10 6 -92 0 0 1 1 0 0 0 1 0 2555.dat
1 80 0 -14 -92 1 0 0 0 0 -1 0 1 0 2412b.dat
0 STEP
1 4 0 -32 10 1 0 0 0 1 0 0 0 1 3710.dat
1 71 0 -32 30 -1 0 0 0 1 0 0 0 -1 60471.dat
0 MLCAD HIDE 1 4 -30 -32 50 0 0 1 0 1 0 -1 0 0 63864.dat
1 4 30 -32 50 0 0 1 0 1 0 -1 0 0 63864.dat
0 STEP
1 4 -10 -40 10 0 0 -1 0 1 0 1 0 0 2420.dat
1 4 10 -40 10 1 0 0 0 1 0 0 0 1 2420.dat
0 STEP
1 0 0 -32 -20 1 0 0 0 1 0 0 0 1 3020.dat
1 0 0 -40 -20 1 0 0 0 1 0 0 0 1 3020.dat
0 STEP
1 4 -20 -48 -10 0 0 1 0 1 0 -1 0 0 3021.dat
1 4 20 -48 -10 0 0 1 0 1 0 -1 0 0 3021.dat
1 46 -30 -56 -30 0 0 1 0 1 0 -1 0 0 4073.dat
1 46 30 -56 -30 0 0 1 0 1 0 -1 0 0 4073.dat
0 STEP
0 71 0 -33.827 59.239 1 0 0 0 0.92388 -0.382683 0 0.382683 0.92388 481.dat
1 4 0 -41.481 77.717 0 0 1 0.382683 0.92388 0 -0.92388 0.382683 0 32062.dat
1 71 0 -52.961 105.433 -1 0 0 0 -0.92388 -0.382683 0 -0.382683 0.92388 32014.dat
1 135 0 2.472 128.394 1 0 0 0 -0.92388 0.382683 0 -0.382683 -0.92388 42074.dat
1 0 -40 13 -60 0 0 1 0 1 0 -1 0 0 51719.dat
1 256 -40 13 -60 0 0 1 0 1 0 -1 0 0 51011.dat
1 0 40 13 -60 0 0 -1 0 1 0 1 0 0 51719.dat
1 256 40 13 -60 0 0 -1 0 1 0 1 0 0 51011.dat
1 0 -40 13 60 0 0 1 0 1 0 -1 0 0 51719.dat
1 256 -40 13 60 0 0 1 0 1 0 -1 0 0 51011.dat
1 0 40 13 60 0 0 -1 0 1 0 1 0 0 51719.dat
1 256 40 13 60 0 0 -1 0 1 0 1 0 0 51011.dat
0
