0 FILE 21019 The Eiffel Tower.ldr
0 21019 The Eiffel Tower
0 Name: 21019 The Eiffel Tower.ldr
0 Theme: Architecture
0 Year: 2014
0 Author: C3POwen
0 Official Model
1 0 120 -8 0 0 0 1 0 1 0 -1 0 0 91988.dat
1 71 80 -16 0 0 0 1 0 1 0 -1 0 0 3029.dat
0 STEP
1 0 0 -8 120 1 0 0 0 1 0 0 0 1 3832.dat
1 0 0 -8 0 1 0 0 0 1 0 0 0 1 3832.dat
1 0 0 -8 -120 1 0 0 0 1 0 0 0 1 3832.dat
0 STEP
1 71 -80 -16 0 0 0 1 0 1 0 -1 0 0 3029.dat
1 71 0 -16 0 0 0 1 0 1 0 -1 0 0 3029.dat
0 STEP
1 0 -120 -8 0 0 0 1 0 1 0 -1 0 0 91988.dat
0 STEP
1 0 -110 -16 130 1 0 0 0 1 0 0 0 1 63864.dat
1 0 110 -16 130 1 0 0 0 1 0 0 0 1 63864.dat
1 0 -130 -16 60 0 0 1 0 1 0 -1 0 0 6636.dat
1 0 130 -16 60 0 0 1 0 1 0 -1 0 0 6636.dat
1 0 -130 -16 -60 0 0 1 0 1 0 -1 0 0 6636.dat
1 0 130 -16 -60 0 0 1 0 1 0 -1 0 0 6636.dat
1 0 -110 -16 -130 1 0 0 0 1 0 0 0 1 63864.dat
1 0 110 -16 -130 1 0 0 0 1 0 0 0 1 63864.dat
0 STEP
1 0 0 -16 130 1 0 0 0 1 0 0 0 1 4162.dat
1 0 0 -16 -130 1 0 0 0 1 0 0 0 1 4162p0s.dat
0 STEP
1 0 -100 -24 100 1 0 0 0 1 0 0 0 1 3680.dat
1 288 -60 -24 100 1 0 0 0 1 0 0 0 1 3068b.dat
1 288 60 -24 100 1 0 0 0 1 0 0 0 1 3068b.dat
1 0 100 -24 100 1 0 0 0 1 0 0 0 1 3680.dat
1 288 -100 -24 60 1 0 0 0 1 0 0 0 1 3068b.dat
1 288 -60 -24 60 1 0 0 0 1 0 0 0 1 3068b.dat
1 288 60 -24 60 1 0 0 0 1 0 0 0 1 3068b.dat
1 288 100 -24 60 1 0 0 0 1 0 0 0 1 3068b.dat
1 288 -100 -24 -60 1 0 0 0 1 0 0 0 1 3068b.dat
1 288 -60 -24 -60 1 0 0 0 1 0 0 0 1 3068b.dat
1 288 60 -24 -60 1 0 0 0 1 0 0 0 1 3068b.dat
1 288 100 -24 -60 1 0 0 0 1 0 0 0 1 3068b.dat
1 0 -100 -24 -100 1 0 0 0 1 0 0 0 1 3680.dat
1 288 -60 -24 -100 1 0 0 0 1 0 0 0 1 3068b.dat
1 288 60 -24 -100 1 0 0 0 1 0 0 0 1 3068b.dat
1 0 100 -24 -100 1 0 0 0 1 0 0 0 1 3680.dat
0 STEP
1 16 -100 -24 100 -0.707107 0 0.707107 0 1 0 -0.707107 0 -0.707107 Foot.ldr
1 16 100 -24 100 -0.707107 0 -0.707107 0 1 0 0.707107 0 -0.707107 Foot.ldr
1 16 100 -24 -100 0.707107 0 -0.707107 0 1 0 0.707107 0 0.707107 Foot.ldr
1 16 -100 -24 -100 0.707107 0 0.707107 0 1 0 -0.707107 0 0.707107 Foot.ldr
0 STEP
1 179 0 0 0 0 0 1 0 1 0 -1 0 0 Suspension.ldr
1 179 0 0 0 -1 0 0 0 1 0 0 0 -1 Suspension.ldr
1 179 0 0 0 0 0 -1 0 1 0 1 0 0 Suspension.ldr
1 179 0 0 0 1 0 0 0 1 0 0 0 1 Suspension.ldr
0 STEP
1 16 0 -119.7 0 1 0 0 0 1 0 0 0 1 Lower_Platform.ldr
0
0 FILE Foot.ldr
0 Foot
0 Name: Foot.ldr
0 Author: C3POwen
0 Official Model
1 71 0 0 0 0 0 1 0 1 0 -1 0 0 3679.dat
0 STEP
1 71 0 -8 10 1 0 0 0 1 0 0 0 1 3794b.dat
1 71 0 -8 -10 1 0 0 0 1 0 0 0 1 3794b.dat
0 STEP
1 71 0 -16 0 0 0 1 0 1 0 -1 0 0 92280.dat
0 STEP
1 71 0 -22 -10 1 0 0 0 0.79653 0.604599 0 -0.604599 0.79653 Leg.ldr
0
0 FILE Leg.ldr
0 Leg
0 Name: Leg.ldr
0 Author: C3POwen
0 Official Model
1 71 0 -60 14 0 0 1 1 0 0 0 1 0 3623.dat
1 71 0 -70 6 0 0 1 1 0 0 0 1 0 3023.dat
0 STEP
1 71 0 -30 6 0 0 -1 -1 0 0 0 1 0 99780.dat
0 STEP
1 71 0 -30 -2 0 0 1 1 0 0 0 1 0 60478.dat
1 71 0 -70 -2 0 0 -1 -1 0 0 0 1 0 60478.dat
0 STEP
1 71 0 -30 -10 0 0 1 1 0 0 0 1 0 99781.dat
1 71 0 -70 -10 0 0 1 1 0 0 0 1 0 3023.dat
0 STEP
1 71 -22 -20 0 0 1 0 0 0 -1 -1 0 0 12825.dat
1 71 22 -20 4 0 -1 0 0 0 -1 1 0 0 12825.dat
1 71 -22 -40 0 0 1 0 0 0 -1 -1 0 0 3070b.dat
1 71 22 -40 4 0 -1 0 0 0 -1 1 0 0 3070b.dat
0 STEP
1 71 0 -50 -18 0 0 1 1 0 0 0 1 0 2431.dat
0
0 FILE Lower_Platform.ldr
0 Lower Platform
0 Name: Lower_Platform.ldr
0 Author: C3POwen
0 Official Model
1 71 0 0 0 0 0 1 0 1 0 -1 0 0 3958.dat
0 STEP
1 72 -30 -8 10 0 0 -1 0 1 0 1 0 0 2420.dat
1 72 -30 -8 -10 -1 0 0 0 1 0 0 0 -1 2420.dat
1 71 0 -8 0 0 0 1 0 1 0 -1 0 0 3795.dat
1 72 30 -8 10 1 0 0 0 1 0 0 0 1 2420.dat
1 72 30 -8 -10 0 0 1 0 1 0 -1 0 0 2420.dat
0 STEP
1 71 -40 -16 0 0 0 1 0 1 0 -1 0 0 3022.dat
1 72 0 -16 0 0 0 1 0 1 0 -1 0 0 4032a.dat
1 71 40 -16 0 0 0 1 0 1 0 -1 0 0 3022.dat
0 STEP
1 71 -50 -8 50 -0.707107 0 0.707107 0 1 0 -0.707107 0 -0.707107 61252.dat
1 71 50 -8 50 -0.707107 0 -0.707107 0 1 0 0.707107 0 -0.707107 61252.dat
1 71 50 -8 -50 0.707107 0 -0.707107 0 1 0 0.707107 0 0.707107 61252.dat
1 71 -50 -8 -50 0.707107 0 0.707107 0 1 0 -0.707107 0 0.707107 61252.dat
0 STEP
1 72 -10 -16 30 0 0 -1 0 1 0 1 0 0 2420.dat
1 72 10 -16 30 1 0 0 0 1 0 0 0 1 2420.dat
1 72 -10 -16 -30 -1 0 0 0 1 0 0 0 -1 2420.dat
1 72 10 -16 -30 0 0 1 0 1 0 -1 0 0 2420.dat
1 71 -50 -16 50 -0.707107 0 -0.707107 0 1 0 0.707107 0 -0.707107 3024.dat
1 71 50 -16 50 0.707107 0 -0.707107 0 1 0 0.707107 0 0.707107 3024.dat
1 71 50 -16 -50 0.707107 0 0.707107 0 1 0 -0.707107 0 0.707107 3024.dat
1 71 -50 -16 -50 -0.707107 0 0.707107 0 1 0 -0.707107 0 -0.707107 3024.dat
0 STEP
1 72 0 -24 0 0 0 1 0 1 0 -1 0 0 4151b.dat
0 STEP
1 71 0 -32 70 1 0 0 0 1 0 0 0 1 3023.dat
1 71 -70 -32 0 0 0 1 0 1 0 -1 0 0 3023.dat
1 72 0 -32 0 0 0 1 0 1 0 -1 0 0 4032a.dat
1 71 70 -32 0 0 0 1 0 1 0 -1 0 0 3023.dat
1 71 0 -32 -70 1 0 0 0 1 0 0 0 1 3023.dat
0 STEP
1 71 -70 -32 -40 0 0 1 0 1 0 -1 0 0 2436a.dat
1 71 -70 -32 40 0 0 1 0 1 0 -1 0 0 2436a.dat
1 71 -40 -32 70 -1 0 0 0 1 0 0 0 -1 2436a.dat
1 71 40 -32 70 -1 0 0 0 1 0 0 0 -1 2436a.dat
1 71 70 -32 40 0 0 -1 0 1 0 1 0 0 2436a.dat
1 71 70 -32 -40 0 0 -1 0 1 0 1 0 0 2436a.dat
1 71 40 -32 -70 1 0 0 0 1 0 0 0 1 2436a.dat
1 71 -40 -32 -70 1 0 0 0 1 0 0 0 1 2436a.dat
1 179 -92 -22 -60 0 1 0 0 0 -1 -1 0 0 2412b.dat
1 179 -92 -22 -20 0 1 0 0 0 -1 -1 0 0 2412b.dat
1 179 -92 -22 20 0 1 0 0 0 -1 -1 0 0 2412b.dat
1 179 -92 -22 60 0 1 0 0 0 -1 -1 0 0 2412b.dat
1 179 -60 -22 92 -1 0 0 0 0 -1 0 -1 0 2412b.dat
1 179 -20 -22 92 -1 0 0 0 0 -1 0 -1 0 2412b.dat
1 179 20 -22 92 -1 0 0 0 0 -1 0 -1 0 2412b.dat
1 179 60 -22 92 -1 0 0 0 0 -1 0 -1 0 2412b.dat
1 179 92 -22 60 0 -1 0 0 0 -1 1 0 0 2412b.dat
1 179 92 -22 20 0 -1 0 0 0 -1 1 0 0 2412b.dat
1 179 92 -22 -20 0 -1 0 0 0 -1 1 0 0 2412b.dat
1 179 92 -22 -60 0 -1 0 0 0 -1 1 0 0 2412b.dat
1 179 60 -22 -92 1 0 0 0 0 -1 0 1 0 2412b.dat
1 179 20 -22 -92 1 0 0 0 0 -1 0 1 0 2412b.dat
1 179 -20 -22 -92 1 0 0 0 0 -1 0 1 0 2412b.dat
1 179 -60 -22 -92 1 0 0 0 0 -1 0 1 0 2412b.dat
0 STEP
1 71 -70 -32 70 0 0 1 0 1 0 -1 0 0 3024.dat
1 71 70 -32 70 0 0 1 0 1 0 -1 0 0 3024.dat
1 71 -70 -32 -70 0 0 1 0 1 0 -1 0 0 3024.dat
1 71 70 -32 -70 0 0 1 0 1 0 -1 0 0 3024.dat
1 71 -70 -40 0 0 0 1 0 1 0 -1 0 0 2431.dat
1 71 0 -40 70 1 0 0 0 1 0 0 0 1 2431.dat
1 71 70 -40 0 0 0 1 0 1 0 -1 0 0 2431.dat
1 71 0 -40 -70 1 0 0 0 1 0 0 0 1 2431.dat
0 STEP
1 71 -70 -40 -70 -0.707107 0 0.707107 0 1 0 -0.707107 0 -0.707107 12825.dat
1 71 -70 -40 70 -0.707107 0 -0.707107 0 1 0 0.707107 0 -0.707107 12825.dat
1 71 70 -40 70 0.707107 0 -0.707107 0 1 0 0.707107 0 0.707107 12825.dat
1 71 70 -40 -70 0.707107 0 0.707107 0 1 0 -0.707107 0 0.707107 12825.dat
0 STEP
1 4 0 -32 0 0 -1 0 1 0 0 0 0 1 32062.dat
1 71 0 -52 0 1 0 0 0 0 -1 0 1 0 6538c.dat
1 4 0 -72 0 0 -1 0 1 0 0 0 0 1 32062.dat
0 STEP
1 71 0 -96 0 0 0 1 0 1 0 -1 0 0 3941.dat
1 71 0 -104 0 0 0 1 0 1 0 -1 0 0 3022.dat
1 71 0 -112 0 0 0 1 0 1 0 -1 0 0 3031.dat
1 72 0 -120 0 0 0 1 0 1 0 -1 0 0 4032a.dat
1 71 0 -128 0 0 0 1 0 1 0 -1 0 0 3022.dat
0 STEP
1 71 -30 -120 -30 0.707107 0 0.707107 0 1 0 -0.707107 0 0.707107 61252.dat
1 71 -30 -120 30 -0.707107 0 0.707107 0 1 0 -0.707107 0 -0.707107 61252.dat
1 71 30 -120 30 -0.707107 0 -0.707107 0 1 0 0.707107 0 -0.707107 61252.dat
1 71 30 -120 -30 0.707107 0 -0.707107 0 1 0 0.707107 0 0.707107 61252.dat
0 STEP
1 16 -70 -46 -70 0.707107 -0.255132 0.659475 0 0.932639 0.360811 -0.707107 -0.255132 0.659475 Strut_Lower.ldr
1 16 -70 -46 70 -0.707107 -0.255132 0.659475 0 0.932639 0.360811 -0.707107 0.255132 -0.659475 Strut_Lower.ldr
1 16 70 -46 70 -0.707107 0.255132 -0.659475 0 0.932639 0.360811 0.707107 0.255132 -0.659475 Strut_Lower.ldr
1 16 70 -46 -70 0.707107 0.255132 -0.659475 0 0.932639 0.360811 0.707107 -0.255132 0.659475 Strut_Lower.ldr
0 STEP
1 71 -30 -128 -30 -0.707107 0 0.707107 0 1 0 -0.707107 0 -0.707107 3024.dat
1 71 -30 -128 30 -0.707107 0 -0.707107 0 1 0 0.707107 0 -0.707107 3024.dat
1 71 30 -128 30 0.707107 0 -0.707107 0 1 0 0.707107 0 0.707107 3024.dat
1 71 30 -128 -30 0.707107 0 0.707107 0 1 0 -0.707107 0 0.707107 3024.dat
0 STEP
1 71 0 -136 0 0 0 1 0 1 0 -1 0 0 3958.dat
0 STEP
1 71 -20 -144 20 0 0 1 0 1 0 -1 0 0 87580.dat
1 71 -20 -144 -20 0 0 1 0 1 0 -1 0 0 87580.dat
1 71 20 -144 20 0 0 1 0 1 0 -1 0 0 87580.dat
1 71 20 -144 -20 0 0 1 0 1 0 -1 0 0 87580.dat
0 STEP
1 71 -50 -144 40 0 0 1 0 1 0 -1 0 0 99781.dat
1 71 40 -144 50 -1 0 0 0 1 0 0 0 -1 99781.dat
1 71 50 -144 -40 0 0 -1 0 1 0 1 0 0 99781.dat
1 71 -40 -144 -50 1 0 0 0 1 0 0 0 1 99781.dat
1 179 -72 -134 40 0 1 0 0 0 -1 -1 0 0 2412b.dat
1 179 40 -134 72 -1 0 0 0 0 -1 0 -1 0 2412b.dat
1 179 72 -134 -40 0 -1 0 0 0 -1 1 0 0 2412b.dat
1 179 -40 -134 -72 1 0 0 0 0 -1 0 1 0 2412b.dat
0 STEP
1 71 -50 -144 -20 0 0 1 0 1 0 -1 0 0 2436a.dat
1 71 -20 -144 50 -1 0 0 0 1 0 0 0 -1 2436a.dat
1 71 50 -144 20 0 0 -1 0 1 0 1 0 0 2436a.dat
1 71 20 -144 -50 1 0 0 0 1 0 0 0 1 2436a.dat
1 179 -72 -134 -40 0 1 0 0 0 -1 -1 0 0 2412b.dat
1 179 -72 -134 0 0 1 0 0 0 -1 -1 0 0 2412b.dat
1 179 -40 -134 72 -1 0 0 0 0 -1 0 -1 0 2412b.dat
1 179 0 -134 72 -1 0 0 0 0 -1 0 -1 0 2412b.dat
1 179 72 -134 40 0 -1 0 0 0 -1 1 0 0 2412b.dat
1 179 72 -134 0 0 -1 0 0 0 -1 1 0 0 2412b.dat
1 179 40 -134 -72 1 0 0 0 0 -1 0 1 0 2412b.dat
1 179 0 -134 -72 1 0 0 0 0 -1 0 1 0 2412b.dat
0 STEP
1 71 0 -152 50 1 0 0 0 1 0 0 0 1 6636.dat
1 71 -50 -152 0 0 0 1 0 1 0 -1 0 0 2431.dat
1 71 50 -152 0 0 0 1 0 1 0 -1 0 0 2431.dat
1 71 0 -152 -50 1 0 0 0 1 0 0 0 1 6636.dat
0 STEP
1 71 0 -152 0 0 0 1 0 1 0 -1 0 0 3031.dat
0 STEP
1 71 0 -160 0 0 0 1 0 1 0 -1 0 0 3022.dat
1 72 0 -168 0 0 0 1 0 1 0 -1 0 0 4032a.dat
0 STEP
1 71 -37.071 -160 -37.071 -0.707107 0 0.707107 0 1 0 -0.707107 0 -0.707107 92280.dat
1 71 -37.071 -160 37.071 -0.707107 0 -0.707107 0 1 0 0.707107 0 -0.707107 92280.dat
1 71 37.071 -160 37.071 0.707107 0 -0.707107 0 1 0 0.707107 0 0.707107 92280.dat
1 71 37.071 -160 -37.071 0.707107 0 0.707107 0 1 0 -0.707107 0 0.707107 92280.dat
0 STEP
1 71 0 -168 0 0 0 1 0 1 0 -1 0 0 11833.dat
0 STEP
1 179 0 -176 30 1 0 0 0 1 0 0 0 1 2412b.dat
1 71 0 -176 0 1 0 0 0 1 0 0 0 1 3709b.dat
1 179 0 -176 -30 1 0 0 0 1 0 0 0 1 2412b.dat
0 STEP
1 71 0 -230 0 0 -1 0 1 0 0 0 0 1 44294.dat
1 71 0 -308.7 0 1 0 0 0 1 0 0 0 1 59900.dat
0 STEP
1 72 0 -332.7 0 0.707107 0 -0.707107 0 1 0 0.707107 0 0.707107 4733.dat
1 71 -12.729 -322.7 -12.728 0 0.707107 0.707107 1 0 0 0 0.707107 -0.707107 3024.dat
1 71 -12.728 -322.7 12.729 0 0.707107 -0.707107 1 0 0 0 -0.707107 -0.707107 3024.dat
1 71 12.729 -322.7 12.728 0 -0.707107 -0.707107 1 0 0 0 -0.707107 0.707107 3024.dat
1 71 12.728 -322.7 -12.729 0 -0.707107 0.707107 1 0 0 0 0.707107 0.707107 3024.dat
0 STEP
1 71 -18.385 -322.7 -18.384 -0.707107 0.707107 0 0 0 1 0.707107 0.707107 0 61252.dat
1 71 -18.384 -322.7 18.385 0.707107 0.707107 0 0 0 1 0.707107 -0.707107 0 61252.dat
1 71 18.385 -322.7 18.384 0.707107 -0.707107 0 0 0 1 -0.707107 -0.707107 0 61252.dat
1 71 18.384 -322.7 -18.385 -0.707107 -0.707107 0 0 0 1 -0.707107 0.707107 0 61252.dat
0 STEP
1 16 -44.124 -166 -44.124 0.707107 -0.153648 0.690212 0 0.976107 0.217292 -0.707107 -0.153648 0.690212 Strut_Middle.ldr
1 16 -44.124 -166 44.124 -0.707107 -0.153648 0.690212 0 0.976107 0.217292 -0.707107 0.153648 -0.690212 Strut_Middle.ldr
1 16 44.124 -166 44.124 -0.707107 0.153648 -0.690212 0 0.976107 0.217292 0.707107 0.153648 -0.690212 Strut_Middle.ldr
1 16 44.124 -166 -44.124 0.707107 0.153648 -0.690212 0 0.976107 0.217292 0.707107 -0.153648 0.690212 Strut_Middle.ldr
0 STEP
1 71 -24.042 -322.7 -24.041 0.707107 0.707107 0 0 0 -1 -0.707107 0.707107 0 61252.dat
1 71 -24.041 -322.7 24.042 -0.707107 0.707107 0 0 0 -1 -0.707107 -0.707107 0 61252.dat
1 71 24.042 -322.7 24.041 -0.707107 -0.707107 0 0 0 -1 0.707107 -0.707107 0 61252.dat
1 71 24.041 -322.7 -24.042 0.707107 -0.707107 0 0 0 -1 0.707107 0.707107 0 61252.dat
0 STEP
1 72 0 -552.5 0 0.707107 0 -0.707107 0 1 0 0.707107 0 0.707107 4733.dat
1 71 -12.727 -542.5 -12.729 0.707107 0.707107 0 0 0 -1 -0.707107 0.707107 0 61252.dat
1 71 -12.729 -542.5 12.727 -0.707107 0.707107 0 0 0 -1 -0.707107 -0.707107 0 61252.dat
1 71 12.727 -542.5 12.729 -0.707107 -0.707107 0 0 0 -1 0.707107 -0.707107 0 61252.dat
1 71 12.729 -542.5 -12.727 0.707107 -0.707107 0 0 0 -1 0.707107 0.707107 0 61252.dat
1 71 -12.727 -542.5 -12.729 0.707107 0.707107 0 0 0 -1 -0.707107 0.707107 0 54200.dat
1 71 -12.729 -542.5 12.727 -0.707107 0.707107 0 0 0 -1 -0.707107 -0.707107 0 54200.dat
1 71 12.727 -542.5 12.729 -0.707107 -0.707107 0 0 0 -1 0.707107 -0.707107 0 54200.dat
1 71 12.729 -542.5 -12.727 0.707107 -0.707107 0 0 0 -1 0.707107 0.707107 0 54200.dat
0 STEP
1 16 -16.97 -342.7 -16.97 0.707107 -0.0313367 0.706412 0 0.999018 0.0443168 -0.707107 -0.0313367 0.706412 Strut_Upper.ldr
1 16 -16.97 -342.7 16.97 -0.707107 -0.0313367 0.706412 0 0.999018 0.0443168 -0.707107 0.0313367 -0.706412 Strut_Upper.ldr
1 16 16.97 -342.7 16.97 -0.707107 0.0313367 -0.706412 0 0.999018 0.0443168 0.707107 0.0313367 -0.706412 Strut_Upper.ldr
1 16 16.97 -342.7 -16.97 0.707107 0.0313367 -0.706412 0 0.999018 0.0443168 0.707107 -0.0313367 0.706412 Strut_Upper.ldr
0 STEP
1 179 0 -560.5 0 0 0 1 0 1 0 -1 0 0 30033.dat
1 71 0 -584.5 0 1 0 0 0 1 0 0 0 1 30367b.dat
1 71 0 -584.5 0 1 0 0 0 -1 0 0 0 -1 30374.dat
0
0 FILE Strut_Lower.ldr
0 Strut (Lower)
0 Name: Strut_Lower.ldr
0 Author: C3POwen
0 Official Model
1 71 0 -30 14 0 0 1 1 0 0 0 1 0 3023.dat
1 71 0 -20 6 0 0 1 1 0 0 0 1 0 3024.dat
0 STEP
1 71 0 -50 6 0 0 -1 -1 0 0 0 1 0 60478.dat
0 STEP
1 71 0 -30 -2 0 0 1 1 0 0 0 1 0 60478.dat
1 71 0 -60 -2 0 0 1 1 0 0 0 1 0 3024.dat
0 STEP
1 71 0 -40 -10 0 0 1 1 0 0 0 1 0 63864.dat
0
0 FILE Strut_Middle.ldr
0 Strut (Middle)
0 Name: Strut_Middle.ldr
0 Author: C3POwen
0 Official Model
1 71 0 -70 6 0 0 1 1 0 0 0 1 0 3666.dat
1 71 0 -70 -2 0 0 1 1 0 0 0 1 0 3023.dat
0 STEP
1 71 0 -30 -2 0 0 1 1 0 0 0 1 0 60478.dat
1 71 0 -110 -2 0 0 -1 -1 0 0 0 1 0 60478.dat
0 STEP
1 71 0 -70 -10 0 0 1 1 0 0 0 1 0 6636.dat
0
0 FILE Strut_Upper.ldr
0 Strut (Upper)
0 Name: Strut_Upper.ldr
0 Author: C3POwen
0 Official Model
1 71 0 -90 -2 0 0 1 1 0 0 0 1 0 3710.dat
0 STEP
1 71 0 -30 -2 0 0 1 1 0 0 0 1 0 60478.dat
1 71 0 -150 -2 0 0 -1 -1 0 0 0 1 0 60478.dat
0 STEP
1 71 0 -90 -10 0 0 1 1 0 0 0 1 0 4162.dat
0
0 FILE Suspension.ldr
0 Suspension
0 Name: Suspension.ldr
0 Author: C3POwen
0 Official Model
0 SYNTH BEGIN TECHNIC_AXLE_FLEXIBLE 16
0 SYNTH SHOW
0 MLCAD HIDE 1 2 -83.26 -46.5 -122.846 0.707107 -0.427221 0.563455 0 0.796846 0.604182 -0.707107 -0.427221 0.563455 LS101.dat
0 MLCAD HIDE 1 179 -3 -124.04 -72 0 -1 0 0.601815 0 0.798636 -0.798636 0 0.601815 LS100.dat
0 MLCAD HIDE 1 4 85.5 -49.2 -125.1 -0.70834 -0.42726 -0.561875 0 -0.796002 0.605294 -0.705872 0.428754 0.56384 LS101.dat
0 SYNTH SYNTHESIZED BEGIN
1 16 -66.1712 -78.3738 -105.757 0.7071 -0.4272 0.5635 0 0.7968 0.6042 -0.7071 -0.4272 0.5635 LS40.dat
1 16 -66.1712 -78.3738 -105.757 0.7084 0.898 0.5627 -0.0024 -1.6766 0.6057 -0.7058 0.9068 0.5627 LS41.dat
1 16 -65.3442 -79.9179 -104.922 0.7153 0.8773 0.5553 -0.002 -1.64 0.6088 -0.6988 0.9026 0.5666 LS41.dat
1 16 -64.5358 -81.4291 -104.09 0.7218 0.8577 0.5478 -0.0013 -1.6032 0.6123 -0.6921 0.8976 0.5701 LS41.dat
1 16 -63.7455 -82.9063 -103.263 0.728 0.844 0.5402 -0.0003 -1.5752 0.6159 -0.6856 0.897 0.5734 LS41.dat
1 16 -62.9681 -84.3573 -102.437 0.7339 0.8311 0.5326 0.001 -1.5465 0.6199 -0.6793 0.8955 0.5763 LS41.dat
1 16 -62.203 -85.781 -101.613 0.7394 0.8196 0.5248 0.0028 -1.5183 0.6241 -0.6733 0.8938 0.5789 LS41.dat
1 16 -61.4496 -87.1766 -100.791 0.7445 0.8095 0.5169 0.005 -1.4902 0.6285 -0.6676 0.8917 0.5812 LS41.dat
1 16 -60.7073 -88.5432 -99.9731 0.7493 0.8058 0.5089 0.0076 -1.4717 0.6333 -0.6622 0.895 0.5831 LS41.dat
1 16 -59.9706 -89.8887 -99.1548 0.7538 0.8036 0.5007 0.0107 -1.4535 0.6382 -0.6571 0.8982 0.5848 LS41.dat
1 16 -59.2388 -91.2123 -98.3369 0.7578 0.8032 0.4924 0.0143 -1.436 0.6434 -0.6523 0.9016 0.5861 LS41.dat
1 16 -58.5112 -92.5131 -97.5201 0.7614 0.8046 0.4839 0.0184 -1.419 0.6489 -0.648 0.9052 0.5871 LS41.dat
1 16 -57.787 -93.7903 -96.7053 0.7647 0.808 0.4753 0.0231 -1.4028 0.6547 -0.644 0.909 0.5878 LS41.dat
1 16 -57.0653 -95.0431 -95.8934 0.7674 0.8186 0.4664 0.0284 -1.3959 0.6607 -0.6405 0.9188 0.5882 LS41.dat
1 16 -56.3404 -96.2793 -95.0797 0.7697 0.8263 0.4574 0.0344 -1.3808 0.6669 -0.6375 0.9231 0.5882 LS41.dat
1 16 -55.6163 -97.4894 -94.2707 0.7715 0.8416 0.4481 0.041 -1.3751 0.6734 -0.635 0.9336 0.5879 LS41.dat
1 16 -54.887 -98.6812 -93.4616 0.7726 0.8594 0.4386 0.0484 -1.3696 0.6802 -0.633 0.9443 0.5873 LS41.dat
1 16 -54.1514 -99.8535 -92.6533 0.7732 0.8798 0.4288 0.0565 -1.3641 0.6872 -0.6316 0.9552 0.5864 LS41.dat
1 16 -53.4085 -101.005 -91.8467 0.7732 0.9037 0.4187 0.0654 -1.3596 0.6944 -0.6308 0.9667 0.5852 LS41.dat
1 16 -52.657 -102.136 -91.0428 0.7723 0.9363 0.4084 0.0751 -1.363 0.7019 -0.6308 0.9841 0.5836 LS41.dat
1 16 -51.8903 -103.252 -90.237 0.7707 0.9668 0.3976 0.0858 -1.3579 0.7096 -0.6314 0.9956 0.5817 LS41.dat
1 16 -51.1125 -104.345 -89.436 0.7682 1.0064 0.3865 0.0973 -1.3599 0.7175 -0.6328 1.0125 0.5795 LS41.dat
1 16 -50.3166 -105.42 -88.6352 0.7647 1.0441 0.3749 0.1099 -1.3533 0.7256 -0.635 1.0232 0.577 LS41.dat
1 16 -49.507 -106.47 -87.8418 0.7601 1.0926 0.363 0.1233 -1.3543 0.7338 -0.638 1.0397 0.5743 LS41.dat
1 16 -48.6763 -107.499 -87.0513 0.7542 1.1454 0.3506 0.1378 -1.3535 0.7421 -0.642 1.0552 0.5713 LS41.dat
1 16 -47.8229 -108.508 -86.265 0.7471 1.2027 0.3378 0.1533 -1.3504 0.7505 -0.6468 1.0691 0.568 LS41.dat
1 16 -46.9451 -109.493 -85.4847 0.7385 1.2644 0.3244 0.1698 -1.3447 0.7589 -0.6525 1.0811 0.5646 LS41.dat
1 16 -46.0414 -110.455 -84.712 0.7283 1.3318 0.3106 0.1872 -1.3372 0.7673 -0.6592 1.0917 0.561 LS41.dat
1 16 -45.1101 -111.39 -83.9485 0.7164 1.4104 0.2962 0.2055 -1.3323 0.7757 -0.6668 1.1046 0.5573 LS41.dat
1 16 -44.1426 -112.304 -83.1907 0.7026 1.486 0.2813 0.2247 -1.3161 0.7838 -0.6752 1.1081 0.5536 LS41.dat
1 16 -43.1442 -113.188 -82.4462 0.6868 1.5721 0.266 0.2447 -1.3008 0.7917 -0.6845 1.1123 0.5499 LS41.dat
1 16 -42.1059 -114.047 -81.7116 0.6689 1.6528 0.2502 0.2653 -1.2732 0.7993 -0.6944 1.1056 0.5464 LS41.dat
1 16 -41.0339 -114.873 -80.9944 0.6489 1.7421 0.2341 0.2863 -1.245 0.8064 -0.7049 1.0979 0.5431 LS41.dat
1 16 -39.919 -115.67 -80.2917 0.6268 1.8227 0.2177 0.3077 -1.2043 0.813 -0.7158 1.0784 0.54 LS41.dat
1 16 -38.7682 -116.43 -79.6109 0.6027 1.9091 0.2011 0.329 -1.1621 0.819 -0.727 1.0566 0.5374 LS41.dat
1 16 -37.5726 -117.158 -78.9491 0.5765 1.983 0.1846 0.3502 -1.1082 0.8243 -0.7382 1.023 0.5352 LS41.dat
1 16 -36.3402 -117.847 -78.3134 0.5486 2.0599 0.1681 0.371 -1.0531 0.8289 -0.7492 0.9868 0.5336 LS41.dat
1 16 -35.0622 -118.5 -77.7011 0.5192 2.1205 0.152 0.3913 -0.9883 0.8326 -0.7598 0.94 0.5326 LS41.dat
1 16 -33.7478 -119.113 -77.1184 0.4885 2.1818 0.1363 0.4107 -0.9236 0.8356 -0.7699 0.8915 0.5322 LS41.dat
1 16 -32.3886 -119.688 -76.563 0.4568 2.2242 0.1211 0.4293 -0.8521 0.8377 -0.7792 0.8345 0.5325 LS41.dat
1 16 -30.9951 -120.222 -76.0402 0.4245 2.2671 0.1067 0.4468 -0.783 0.839 -0.7875 0.7778 0.5335 LS41.dat
1 16 -29.559 -120.718 -75.5474 0.392 2.2898 0.0932 0.4632 -0.71 0.8396 -0.7949 0.7154 0.5352 LS41.dat
1 16 -28.0922 -121.173 -75.0891 0.3595 2.3165 0.0805 0.4784 -0.6421 0.8395 -0.8012 0.6559 0.5374 LS41.dat
1 16 -26.5866 -121.591 -74.6628 0.3273 2.3345 0.0688 0.4926 -0.5755 0.8387 -0.8064 0.5959 0.5403 LS41.dat
1 16 -25.0443 -121.971 -74.2691 0.2956 2.3443 0.0582 0.5057 -0.511 0.8373 -0.8105 0.5362 0.5436 LS41.dat
1 16 -23.4679 -122.314 -73.9085 0.2648 2.3475 0.0485 0.5178 -0.4495 0.8354 -0.8135 0.4779 0.5475 LS41.dat
1 16 -21.86 -122.622 -73.5812 0.2349 2.344 0.0399 0.5289 -0.3913 0.833 -0.8155 0.4213 0.5518 LS41.dat
1 16 -20.2235 -122.896 -73.287 0.2062 2.3374 0.0323 0.5392 -0.3372 0.8303 -0.8165 0.3676 0.5564 LS41.dat
1 16 -18.5615 -123.135 -73.0257 0.1787 2.3396 0.0256 0.5487 -0.2883 0.8272 -0.8167 0.3181 0.5614 LS41.dat
1 16 -16.8659 -123.344 -72.7951 0.1523 2.3374 0.0198 0.5576 -0.2423 0.8237 -0.816 0.2707 0.5666 LS41.dat
1 16 -15.1398 -123.523 -72.5952 0.1272 2.3334 0.0148 0.5659 -0.1997 0.8201 -0.8146 0.2257 0.5721 LS41.dat
1 16 -13.3862 -123.673 -72.4255 0.1033 2.3384 0.0107 0.5738 -0.1608 0.8162 -0.8125 0.1839 0.5777 LS41.dat
1 16 -11.5971 -123.796 -72.2848 0.0807 2.3404 0.0073 0.5812 -0.1244 0.812 -0.8098 0.1438 0.5835 LS41.dat
1 16 -9.7759 -123.893 -72.1729 0.0592 2.3406 0.0046 0.5883 -0.0904 0.8077 -0.8065 0.1057 0.5895 LS41.dat
1 16 -7.9259 -123.965 -72.0893 0.0388 2.4778 0.0025 0.5951 -0.0623 0.8033 -0.8027 0.0736 0.5956 LS41.dat
1 16 -6.0393 -124.012 -72.0332 0.0142 3.3813 0.0007 0.6017 -0.0309 0.7986 -0.7986 0.0369 0.6018 LS41.dat
1 16 -3 -124.04 -72 -0.0095 2.5192 0.001 0.6018 0.0123 0.7986 -0.7986 -0.0205 0.6018 LS41.dat
1 16 -0.95 -124.03 -72.0167 -0.0289 2.4984 0.0026 0.5946 0.0378 0.8039 -0.8035 -0.062 0.5948 LS41.dat
1 16 1.0607 -124 -72.0667 -0.0492 2.4874 0.0036 0.5872 0.0648 0.809 -0.8079 -0.1045 0.5878 LS41.dat
1 16 3.0412 -123.948 -72.1499 -0.0704 2.4733 0.0041 0.5797 0.0932 0.814 -0.8118 -0.1478 0.5809 LS41.dat
1 16 4.9891 -123.875 -72.2664 -0.0923 2.4554 0.0038 0.5719 0.1229 0.8188 -0.8151 -0.1917 0.5741 LS41.dat
1 16 6.9018 -123.779 -72.4157 -0.1149 2.436 0.0029 0.5639 0.1539 0.8235 -0.8178 -0.2361 0.5674 LS41.dat
1 16 8.7768 -123.66 -72.5974 -0.1382 2.4271 0.0013 0.5556 0.1873 0.8279 -0.8199 -0.2823 0.5608 LS41.dat
1 16 10.624 -123.518 -72.8122 -0.1623 2.4144 -0.0011 0.547 0.2223 0.8322 -0.8213 -0.3291 0.5545 LS41.dat
1 16 12.441 -123.35 -73.06 -0.1871 2.3979 -0.0042 0.5379 0.2588 0.8363 -0.822 -0.3764 0.5483 LS41.dat
1 16 14.2259 -123.158 -73.3401 -0.2124 2.3796 -0.0082 0.5285 0.2969 0.8402 -0.822 -0.424 0.5423 LS41.dat
1 16 15.9767 -122.939 -73.6521 -0.2383 2.3689 -0.013 0.5185 0.3379 0.8438 -0.8212 -0.4739 0.5366 LS41.dat
1 16 17.7033 -122.693 -73.9976 -0.2645 2.3422 -0.0187 0.5081 0.3786 0.8471 -0.8197 -0.5213 0.5311 LS41.dat
1 16 19.3921 -122.42 -74.3734 -0.2911 2.3251 -0.0252 0.4972 0.4225 0.8501 -0.8174 -0.5712 0.5261 LS41.dat
1 16 21.0532 -122.118 -74.7815 -0.318 2.3029 -0.0327 0.4857 0.4676 0.8527 -0.8143 -0.6204 0.5213 LS41.dat
1 16 22.6849 -121.787 -75.221 -0.3449 2.2764 -0.041 0.4735 0.5136 0.855 -0.8104 -0.6687 0.517 LS41.dat
1 16 24.2856 -121.426 -75.6912 -0.3718 2.2448 -0.0502 0.4608 0.56 0.8568 -0.8059 -0.7153 0.5132 LS41.dat
1 16 25.8541 -121.034 -76.191 -0.3984 2.211 -0.0603 0.4476 0.6072 0.8582 -0.8006 -0.7608 0.5098 LS41.dat
1 16 27.3892 -120.613 -76.7193 -0.4248 2.183 -0.0711 0.4337 0.6575 0.8591 -0.7947 -0.808 0.5069 LS41.dat
1 16 28.9006 -120.158 -77.2787 -0.4507 2.1373 -0.0828 0.4192 0.7036 0.8594 -0.7881 -0.8479 0.5045 LS41.dat
1 16 30.3764 -119.672 -77.8641 -0.4758 2.0899 -0.0952 0.4042 0.7493 0.8593 -0.7811 -0.8853 0.5026 LS41.dat
1 16 31.816 -119.156 -78.474 -0.5002 2.0511 -0.1081 0.3888 0.7985 0.8585 -0.7737 -0.9248 0.5013 LS41.dat
1 16 33.2292 -118.605 -79.1112 -0.5238 2.0062 -0.1217 0.3729 0.8458 0.8571 -0.7659 -0.9602 0.5006 LS41.dat
1 16 34.6151 -118.021 -79.7745 -0.5463 1.9482 -0.1359 0.3566 0.887 0.8551 -0.7579 -0.9869 0.5003 LS41.dat
1 16 35.9634 -117.407 -80.4575 -0.5676 1.8975 -0.1504 0.3401 0.9305 0.8525 -0.7497 -1.0145 0.5006 LS41.dat
1 16 37.2836 -116.76 -81.1634 -0.5877 1.8355 -0.1652 0.3234 0.9668 0.8493 -0.7416 -1.033 0.5014 LS41.dat
1 16 38.5663 -116.084 -81.8853 -0.6065 1.7837 -0.1803 0.3067 1.0067 0.8455 -0.7335 -1.0539 0.5026 LS41.dat
1 16 39.821 -115.376 -82.6266 -0.624 1.7306 -0.1956 0.2899 1.0443 0.8412 -0.7257 -1.071 0.5042 LS41.dat
1 16 41.0476 -114.636 -83.3858 -0.6402 1.6753 -0.211 0.2731 1.0784 0.8362 -0.718 -1.0835 0.5061 LS41.dat
1 16 42.2464 -113.864 -84.1611 -0.655 1.6117 -0.2264 0.2565 1.1042 0.8308 -0.7108 -1.0867 0.5084 LS41.dat
1 16 43.4091 -113.068 -84.945 -0.6684 1.5594 -0.2417 0.2402 1.1343 0.8249 -0.704 -1.0936 0.5109 LS41.dat
1 16 44.545 -112.241 -85.7416 -0.6805 1.5077 -0.257 0.2242 1.1619 0.8186 -0.6976 -1.0973 0.5137 LS41.dat
1 16 45.6545 -111.386 -86.5492 -0.6913 1.4588 -0.2721 0.2085 1.1886 0.8118 -0.6918 -1.0996 0.5166 LS41.dat
1 16 46.7383 -110.503 -87.3661 -0.701 1.4186 -0.2871 0.1932 1.2199 0.8047 -0.6865 -1.1052 0.5196 LS41.dat
1 16 47.8047 -109.586 -88.197 -0.7095 1.3708 -0.302 0.1783 1.2417 0.7972 -0.6818 -1.1017 0.5227 LS41.dat
1 16 48.8464 -108.643 -89.0342 -0.7168 1.326 -0.3167 0.1639 1.2627 0.7894 -0.6777 -1.0971 0.5259 LS41.dat
1 16 49.8642 -107.673 -89.8762 -0.7231 1.2903 -0.3311 0.1501 1.2892 0.7814 -0.6742 -1.0968 0.529 LS41.dat
1 16 50.8661 -106.672 -90.7278 -0.7284 1.2491 -0.3453 0.1368 1.3071 0.7731 -0.6714 -1.0888 0.5321 LS41.dat
1 16 51.8454 -105.647 -91.5816 -0.7327 1.2167 -0.3592 0.124 1.3311 0.7647 -0.6691 -1.0856 0.5351 LS41.dat
1 16 52.81 -104.592 -92.4422 -0.7361 1.1792 -0.3729 0.1119 1.3463 0.7561 -0.6675 -1.0749 0.5379 LS41.dat
1 16 53.7536 -103.515 -93.3023 -0.7387 1.1512 -0.3863 0.1003 1.369 0.7473 -0.6665 -1.07 0.5406 LS41.dat
1 16 54.6838 -102.409 -94.1668 -0.7406 1.1248 -0.3994 0.0893 1.391 0.7385 -0.666 -1.0641 0.5432 LS41.dat
1 16 55.6011 -101.274 -95.0347 -0.7417 1.0997 -0.4123 0.0789 1.412 0.7296 -0.6661 -1.0572 0.5456 LS41.dat
1 16 56.506 -100.113 -95.9045 -0.7421 1.0771 -0.425 0.0691 1.4333 0.7207 -0.6668 -1.0502 0.5477 LS41.dat
1 16 57.3992 -98.9239 -96.7754 -0.7418 1.0618 -0.4375 0.0599 1.4623 0.7117 -0.6679 -1.0483 0.5497 LS41.dat
1 16 58.2873 -97.7008 -97.6523 -0.741 1.0415 -0.4497 0.0511 1.4822 0.7027 -0.6696 -1.0394 0.5513 LS41.dat
1 16 59.1647 -96.4522 -98.5278 -0.7395 1.0291 -0.4618 0.043 1.5109 0.6937 -0.6717 -1.0363 0.5528 LS41.dat
1 16 60.0379 -95.1702 -99.407 -0.7376 1.0177 -0.4737 0.0354 1.5393 0.6847 -0.6743 -1.0323 0.554 LS41.dat
1 16 60.9071 -93.8554 -100.289 -0.7351 1.0071 -0.4854 0.0283 1.5672 0.6757 -0.6774 -1.0274 0.5549 LS41.dat
1 16 61.7728 -92.5083 -101.172 -0.7321 0.9976 -0.4969 0.0217 1.5948 0.6667 -0.6809 -1.0218 0.5555 LS41.dat
1 16 62.6353 -91.1296 -102.055 -0.7286 0.9894 -0.5082 0.0157 1.6225 0.6579 -0.6847 -1.0157 0.5558 LS41.dat
1 16 63.4949 -89.7199 -102.938 -0.7247 0.9874 -0.5194 0.0101 1.6587 0.6491 -0.689 -1.0143 0.5558 LS41.dat
1 16 64.3575 -88.2708 -103.824 -0.7203 0.9807 -0.5304 0.005 1.6854 0.6404 -0.6936 -1.0063 0.5555 LS41.dat
1 16 65.218 -86.7921 -104.707 -0.7156 1.0767 -0.5413 0.0004 1.8903 0.6318 -0.6985 -1.1019 0.5549 LS41.dat
1 16 66.082 -85.2752 -105.591 -0.7096 2.4382 -0.5559 -0.0024 4.4362 0.6162 -0.7046 -2.4708 0.5578 LS41.dat
1 16 68.4096 -81.0401 -107.95 -0.7083 0.4273 -0.5619 0 0.796 0.6053 -0.7059 -0.4288 0.5638 LS40.dat
0 SYNTH SYNTHESIZED END
0 SYNTH END
0 NO FILE
