0 FILE 21019 The Eiffel Tower.ldr
0 21019 The Eiffel Tower
0 Name: 21019 The Eiffel Tower.ldr
0 Author:
0 Theme: Architecture
0 Year: 2014
0 Author: C3POwen
0 Official Model
1 16 -100 -24 100 -0.707107 0 0.707107 0 1 0 -0.707107 0 -0.707107 Foot.ldr
1 16 100 -24 100 -0.707107 0 -0.707107 0 1 0 0.707107 0 -0.707107 Foot.ldr
1 16 100 -24 -100 0.707107 0 -0.707107 0 1 0 0.707107 0 0.707107 Foot.ldr
1 16 -100 -24 -100 0.707107 0 0.707107 0 1 0 -0.707107 0 0.707107 Foot.ldr

0 STEP
1 16 0 -119.699997 0 1 0 0 0 1 0 0 0 1 Lower_Platform.ldr
0
0 STEP
0 NOFILE
0 FILE Foot.ldr
0 Foot
0 Name: Foot.ldr
0 Author: C3POwen
0 Official Model
1 71 0 0 0 0 0 1 0 1 0 -1 0 0 3679.dat
0 STEP
1 71 0 -8 10 1 0 0 0 1 0 0 0 1 3794b.dat
1 71 0 -8 -10 1 0 0 0 1 0 0 0 1 3794b.dat
0 STEP
1 71 0 -16 0 0 0 1 0 1 0 -1 0 0 92280.dat
0 STEP
1 71 0 -22 -10 1 0 0 0 0.79653 0.604599 0 -0.604599 0.79653 Leg.ldr
0
0 STEP
0 NOFILE
0 FILE Leg.ldr
0 Leg
0 Name: Leg.ldr
0 Author: C3POwen
0 Official Model
1 71 0 -60 14 0 0 1 1 0 0 0 1 0 3623.dat
1 71 0 -70 6 0 0 1 1 0 0 0 1 0 3023.dat
0 STEP
1 71 0 -30 6 0 0 -1 -1 0 0 0 1 0 99780.dat
0 STEP
1 71 0 -30 -2 0 0 1 1 0 0 0 1 0 60478.dat
1 71 0 -70 -2 0 0 -1 -1 0 0 0 1 0 60478.dat
0 STEP
1 71 0 -30 -10 0 0 1 1 0 0 0 1 0 99781.dat
1 71 0 -70 -10 0 0 1 1 0 0 0 1 0 3023.dat
0 STEP
1 71 -22 -20 0 0 1 0 0 0 -1 -1 0 0 12825.dat
1 71 22 -20 4 0 -1 0 0 0 -1 1 0 0 12825.dat
1 71 -22 -40 0 0 1 0 0 0 -1 -1 0 0 3070b.dat
1 71 22 -40 4 0 -1 0 0 0 -1 1 0 0 3070b.dat
0 STEP
1 71 0 -50 -18 0 0 1 1 0 0 0 1 0 2431.dat
0
0 STEP
0 NOFILE
0 FILE Lower_Platform.ldr
0 Lower Platform
0 Name: Lower_Platform.ldr
0 Author: C3POwen
0 Official Model
1 71 0 0 0 0 0 1 0 1 0 -1 0 0 3958.dat
0 STEP
1 72 -30 -8 10 0 0 -1 0 1 0 1 0 0 2420.dat
1 72 -30 -8 -10 -1 0 0 0 1 0 0 0 -1 2420.dat
1 71 0 -8 0 0 0 1 0 1 0 -1 0 0 3795.dat
1 72 30 -8 10 1 0 0 0 1 0 0 0 1 2420.dat
1 72 30 -8 -10 0 0 1 0 1 0 -1 0 0 2420.dat
0 STEP
1 71 -40 -16 0 0 0 1 0 1 0 -1 0 0 3022.dat
1 72 0 -16 0 0 0 1 0 1 0 -1 0 0 4032a.dat
1 71 40 -16 0 0 0 1 0 1 0 -1 0 0 3022.dat
0 STEP
1 71 -50 -8 50 -0.707107 0 0.707107 0 1 0 -0.707107 0 -0.707107 61252.dat
1 71 50 -8 50 -0.707107 0 -0.707107 0 1 0 0.707107 0 -0.707107 61252.dat
1 71 50 -8 -50 0.707107 0 -0.707107 0 1 0 0.707107 0 0.707107 61252.dat
1 71 -50 -8 -50 0.707107 0 0.707107 0 1 0 -0.707107 0 0.707107 61252.dat
0 STEP
1 72 -10 -16 30 0 0 -1 0 1 0 1 0 0 2420.dat
1 72 10 -16 30 1 0 0 0 1 0 0 0 1 2420.dat
1 72 -10 -16 -30 -1 0 0 0 1 0 0 0 -1 2420.dat
1 72 10 -16 -30 0 0 1 0 1 0 -1 0 0 2420.dat
1 71 -50 -16 50 -0.707107 0 -0.707107 0 1 0 0.707107 0 -0.707107 3024.dat
1 71 50 -16 50 0.707107 0 -0.707107 0 1 0 0.707107 0 0.707107 3024.dat
1 71 50 -16 -50 0.707107 0 0.707107 0 1 0 -0.707107 0 0.707107 3024.dat
1 71 -50 -16 -50 -0.707107 0 0.707107 0 1 0 -0.707107 0 -0.707107 3024.dat
0 STEP
1 72 0 -24 0 0 0 1 0 1 0 -1 0 0 4151b.dat
0 STEP
1 71 0 -32 70 1 0 0 0 1 0 0 0 1 3023.dat
1 71 -70 -32 0 0 0 1 0 1 0 -1 0 0 3023.dat
1 72 0 -32 0 0 0 1 0 1 0 -1 0 0 4032a.dat
1 71 70 -32 0 0 0 1 0 1 0 -1 0 0 3023.dat
1 71 0 -32 -70 1 0 0 0 1 0 0 0 1 3023.dat
0 STEP
1 71 -70 -32 -40 0 0 1 0 1 0 -1 0 0 2436a.dat
1 71 -70 -32 40 0 0 1 0 1 0 -1 0 0 2436a.dat
1 71 -40 -32 70 -1 0 0 0 1 0 0 0 -1 2436a.dat
1 71 40 -32 70 -1 0 0 0 1 0 0 0 -1 2436a.dat
1 71 70 -32 40 0 0 -1 0 1 0 1 0 0 2436a.dat
1 71 70 -32 -40 0 0 -1 0 1 0 1 0 0 2436a.dat
1 71 40 -32 -70 1 0 0 0 1 0 0 0 1 2436a.dat
1 71 -40 -32 -70 1 0 0 0 1 0 0 0 1 2436a.dat
1 179 -92 -22 -60 0 1 0 0 0 -1 -1 0 0 2412b.dat
1 179 -92 -22 -20 0 1 0 0 0 -1 -1 0 0 2412b.dat
1 179 -92 -22 20 0 1 0 0 0 -1 -1 0 0 2412b.dat
1 179 -92 -22 60 0 1 0 0 0 -1 -1 0 0 2412b.dat
1 179 -60 -22 92 -1 0 0 0 0 -1 0 -1 0 2412b.dat
1 179 -20 -22 92 -1 0 0 0 0 -1 0 -1 0 2412b.dat
1 179 20 -22 92 -1 0 0 0 0 -1 0 -1 0 2412b.dat
1 179 60 -22 92 -1 0 0 0 0 -1 0 -1 0 2412b.dat
1 179 92 -22 60 0 -1 0 0 0 -1 1 0 0 2412b.dat
1 179 92 -22 20 0 -1 0 0 0 -1 1 0 0 2412b.dat
1 179 92 -22 -20 0 -1 0 0 0 -1 1 0 0 2412b.dat
1 179 92 -22 -60 0 -1 0 0 0 -1 1 0 0 2412b.dat
1 179 60 -22 -92 1 0 0 0 0 -1 0 1 0 2412b.dat
1 179 20 -22 -92 1 0 0 0 0 -1 0 1 0 2412b.dat
1 179 -20 -22 -92 1 0 0 0 0 -1 0 1 0 2412b.dat
1 179 -60 -22 -92 1 0 0 0 0 -1 0 1 0 2412b.dat
0 STEP
1 71 -70 -32 70 0 0 1 0 1 0 -1 0 0 3024.dat
1 71 70 -32 70 0 0 1 0 1 0 -1 0 0 3024.dat
1 71 -70 -32 -70 0 0 1 0 1 0 -1 0 0 3024.dat
1 71 70 -32 -70 0 0 1 0 1 0 -1 0 0 3024.dat
1 71 -70 -40 0 0 0 1 0 1 0 -1 0 0 2431.dat
1 71 0 -40 70 1 0 0 0 1 0 0 0 1 2431.dat
1 71 70 -40 0 0 0 1 0 1 0 -1 0 0 2431.dat
1 71 0 -40 -70 1 0 0 0 1 0 0 0 1 2431.dat
0 STEP
1 71 -70 -40 -70 -0.707107 0 0.707107 0 1 0 -0.707107 0 -0.707107 12825.dat
1 71 -70 -40 70 -0.707107 0 -0.707107 0 1 0 0.707107 0 -0.707107 12825.dat
1 71 70 -40 70 0.707107 0 -0.707107 0 1 0 0.707107 0 0.707107 12825.dat
1 71 70 -40 -70 0.707107 0 0.707107 0 1 0 -0.707107 0 0.707107 12825.dat
0 STEP
1 4 0 -32 0 0 -1 0 1 0 0 0 0 1 32062.dat
1 4 0 -72 0 0 -1 0 1 0 0 0 0 1 32062.dat
0 STEP
1 71 0 -96 0 0 0 1 0 1 0 -1 0 0 3941.dat
1 71 0 -104 0 0 0 1 0 1 0 -1 0 0 3022.dat
1 71 0 -112 0 0 0 1 0 1 0 -1 0 0 3031.dat
1 72 0 -120 0 0 0 1 0 1 0 -1 0 0 4032a.dat
1 71 0 -128 0 0 0 1 0 1 0 -1 0 0 3022.dat
0 STEP
1 71 -30 -120 -30 0.707107 0 0.707107 0 1 0 -0.707107 0 0.707107 61252.dat
1 71 -30 -120 30 -0.707107 0 0.707107 0 1 0 -0.707107 0 -0.707107 61252.dat
1 71 30 -120 30 -0.707107 0 -0.707107 0 1 0 0.707107 0 -0.707107 61252.dat
1 71 30 -120 -30 0.707107 0 -0.707107 0 1 0 0.707107 0 0.707107 61252.dat
0 STEP
1 16 -70 -46 -70 0.707107 -0.255132 0.659475 0 0.932639 0.360811 -0.707107 -0.255132 0.659475 Strut_Lower.ldr
1 16 -70 -46 70 -0.707107 -0.255132 0.659475 0 0.932639 0.360811 -0.707107 0.255132 -0.659475 Strut_Lower.ldr
1 16 70 -46 70 -0.707107 0.255132 -0.659475 0 0.932639 0.360811 0.707107 0.255132 -0.659475 Strut_Lower.ldr
1 16 70 -46 -70 0.707107 0.255132 -0.659475 0 0.932639 0.360811 0.707107 -0.255132 0.659475 Strut_Lower.ldr
0 STEP
1 71 -30 -128 -30 -0.707107 0 0.707107 0 1 0 -0.707107 0 -0.707107 3024.dat
1 71 -30 -128 30 -0.707107 0 -0.707107 0 1 0 0.707107 0 -0.707107 3024.dat
1 71 30 -128 30 0.707107 0 -0.707107 0 1 0 0.707107 0 0.707107 3024.dat
1 71 30 -128 -30 0.707107 0 0.707107 0 1 0 -0.707107 0 0.707107 3024.dat
0 STEP
1 71 0 -136 0 0 0 1 0 1 0 -1 0 0 3958.dat
0 STEP
1 71 -20 -144 20 0 0 1 0 1 0 -1 0 0 87580.dat
1 71 -20 -144 -20 0 0 1 0 1 0 -1 0 0 87580.dat
1 71 20 -144 20 0 0 1 0 1 0 -1 0 0 87580.dat
1 71 20 -144 -20 0 0 1 0 1 0 -1 0 0 87580.dat
0 STEP
1 71 -50 -144 40 0 0 1 0 1 0 -1 0 0 99781.dat
1 71 40 -144 50 -1 0 0 0 1 0 0 0 -1 99781.dat
1 71 50 -144 -40 0 0 -1 0 1 0 1 0 0 99781.dat
1 71 -40 -144 -50 1 0 0 0 1 0 0 0 1 99781.dat
1 179 -72 -134 40 0 1 0 0 0 -1 -1 0 0 2412b.dat
1 179 40 -134 72 -1 0 0 0 0 -1 0 -1 0 2412b.dat
1 179 72 -134 -40 0 -1 0 0 0 -1 1 0 0 2412b.dat
1 179 -40 -134 -72 1 0 0 0 0 -1 0 1 0 2412b.dat
0 STEP
1 71 -50 -144 -20 0 0 1 0 1 0 -1 0 0 2436a.dat
1 71 -20 -144 50 -1 0 0 0 1 0 0 0 -1 2436a.dat
1 71 50 -144 20 0 0 -1 0 1 0 1 0 0 2436a.dat
1 71 20 -144 -50 1 0 0 0 1 0 0 0 1 2436a.dat
1 179 -72 -134 -40 0 1 0 0 0 -1 -1 0 0 2412b.dat
1 179 -72 -134 0 0 1 0 0 0 -1 -1 0 0 2412b.dat
1 179 -40 -134 72 -1 0 0 0 0 -1 0 -1 0 2412b.dat
1 179 0 -134 72 -1 0 0 0 0 -1 0 -1 0 2412b.dat
1 179 72 -134 40 0 -1 0 0 0 -1 1 0 0 2412b.dat
1 179 72 -134 0 0 -1 0 0 0 -1 1 0 0 2412b.dat
1 179 40 -134 -72 1 0 0 0 0 -1 0 1 0 2412b.dat
1 179 0 -134 -72 1 0 0 0 0 -1 0 1 0 2412b.dat
0 STEP
1 71 0 -152 50 1 0 0 0 1 0 0 0 1 6636.dat
1 71 -50 -152 0 0 0 1 0 1 0 -1 0 0 2431.dat
1 71 50 -152 0 0 0 1 0 1 0 -1 0 0 2431.dat
1 71 0 -152 -50 1 0 0 0 1 0 0 0 1 6636.dat
0 STEP
1 71 0 -152 0 0 0 1 0 1 0 -1 0 0 3031.dat
0 STEP
1 71 0 -160 0 0 0 1 0 1 0 -1 0 0 3022.dat
1 72 0 -168 0 0 0 1 0 1 0 -1 0 0 4032a.dat
0 STEP
1 71 -37.070999 -160 -37.070999 -0.707107 0 0.707107 0 1 0 -0.707107 0 -0.707107 92280.dat
1 71 -37.070999 -160 37.070999 -0.707107 0 -0.707107 0 1 0 0.707107 0 -0.707107 92280.dat
1 71 37.070999 -160 37.070999 0.707107 0 -0.707107 0 1 0 0.707107 0 0.707107 92280.dat
1 71 37.070999 -160 -37.070999 0.707107 0 0.707107 0 1 0 -0.707107 0 0.707107 92280.dat
0 STEP
1 71 0 -168 0 0 0 1 0 1 0 -1 0 0 11833.dat
0 STEP
1 179 0 -176 30 1 0 0 0 1 0 0 0 1 2412b.dat
1 71 0 -176 0 1 0 0 0 1 0 0 0 1 3709b.dat
1 179 0 -176 -30 1 0 0 0 1 0 0 0 1 2412b.dat
0 STEP
1 71 0 -230 0 0 -1 0 1 0 0 0 0 1 44294.dat
1 71 0 -308.700012 0 1 0 0 0 1 0 0 0 1 59900.dat
0 STEP
1 72 0 -332.700012 0 0.707107 0 -0.707107 0 1 0 0.707107 0 0.707107 4733.dat
1 71 -12.729 -322.700012 -12.728 0 0.707107 0.707107 1 0 0 0 0.707107 -0.707107 3024.dat
1 71 -12.728 -322.700012 12.729 0 0.707107 -0.707107 1 0 0 0 -0.707107 -0.707107 3024.dat
1 71 12.729 -322.700012 12.728 0 -0.707107 -0.707107 1 0 0 0 -0.707107 0.707107 3024.dat
1 71 12.728 -322.700012 -12.729 0 -0.707107 0.707107 1 0 0 0 0.707107 0.707107 3024.dat
0 STEP
1 71 -18.385 -322.700012 -18.384001 -0.707107 0.707107 0 0 0 1 0.707107 0.707107 0 61252.dat
1 71 -18.384001 -322.700012 18.385 0.707107 0.707107 0 0 0 1 0.707107 -0.707107 0 61252.dat
1 71 18.385 -322.700012 18.384001 0.707107 -0.707107 0 0 0 1 -0.707107 -0.707107 0 61252.dat
1 71 18.384001 -322.700012 -18.385 -0.707107 -0.707107 0 0 0 1 -0.707107 0.707107 0 61252.dat
0 STEP
1 16 -44.124001 -166 -44.124001 0.707107 -0.153648 0.690212 0 0.976107 0.217292 -0.707107 -0.153648 0.690212 Strut_Middle.ldr
1 16 -44.124001 -166 44.124001 -0.707107 -0.153648 0.690212 0 0.976107 0.217292 -0.707107 0.153648 -0.690212 Strut_Middle.ldr
1 16 44.124001 -166 44.124001 -0.707107 0.153648 -0.690212 0 0.976107 0.217292 0.707107 0.153648 -0.690212 Strut_Middle.ldr
1 16 44.124001 -166 -44.124001 0.707107 0.153648 -0.690212 0 0.976107 0.217292 0.707107 -0.153648 0.690212 Strut_Middle.ldr
0 STEP
1 71 -24.042 -322.700012 -24.041 0.707107 0.707107 0 0 0 -1 -0.707107 0.707107 0 61252.dat
1 71 -24.041 -322.700012 24.042 -0.707107 0.707107 0 0 0 -1 -0.707107 -0.707107 0 61252.dat
1 71 24.042 -322.700012 24.041 -0.707107 -0.707107 0 0 0 -1 0.707107 -0.707107 0 61252.dat
1 71 24.041 -322.700012 -24.042 0.707107 -0.707107 0 0 0 -1 0.707107 0.707107 0 61252.dat
0 STEP
1 72 0 -552.5 0 0.707107 0 -0.707107 0 1 0 0.707107 0 0.707107 4733.dat
1 71 -12.727 -542.5 -12.729 0.707107 0.707107 0 0 0 -1 -0.707107 0.707107 0 61252.dat
1 71 -12.729 -542.5 12.727 -0.707107 0.707107 0 0 0 -1 -0.707107 -0.707107 0 61252.dat
1 71 12.727 -542.5 12.729 -0.707107 -0.707107 0 0 0 -1 0.707107 -0.707107 0 61252.dat
1 71 12.729 -542.5 -12.727 0.707107 -0.707107 0 0 0 -1 0.707107 0.707107 0 61252.dat
1 71 -12.727 -542.5 -12.729 0.707107 0.707107 0 0 0 -1 -0.707107 0.707107 0 54200.dat
1 71 -12.729 -542.5 12.727 -0.707107 0.707107 0 0 0 -1 -0.707107 -0.707107 0 54200.dat
1 71 12.727 -542.5 12.729 -0.707107 -0.707107 0 0 0 -1 0.707107 -0.707107 0 54200.dat
1 71 12.729 -542.5 -12.727 0.707107 -0.707107 0 0 0 -1 0.707107 0.707107 0 54200.dat
0 STEP
1 16 -16.969999 -342.700012 -16.969999 0.707107 -0.031337 0.706412 0 0.999018 0.044317 -0.707107 -0.031337 0.706412 Strut_Upper.ldr
1 16 -16.969999 -342.700012 16.969999 -0.707107 -0.031337 0.706412 0 0.999018 0.044317 -0.707107 0.031337 -0.706412 Strut_Upper.ldr
1 16 16.969999 -342.700012 16.969999 -0.707107 0.031337 -0.706412 0 0.999018 0.044317 0.707107 0.031337 -0.706412 Strut_Upper.ldr
1 16 16.969999 -342.700012 -16.969999 0.707107 0.031337 -0.706412 0 0.999018 0.044317 0.707107 -0.031337 0.706412 Strut_Upper.ldr
0 STEP
1 179 0 -560.5 0 0 0 1 0 1 0 -1 0 0 30033.dat
1 71 0 -584.5 0 1 0 0 0 1 0 0 0 1 30367b.dat
1 71 0 -584.5 0 1 0 0 0 -1 0 0 0 -1 30374.dat
0
0 STEP
0 NOFILE
0 FILE Strut_Lower.ldr
0 Strut (Lower)
0 Name: Strut_Lower.ldr
0 Author: C3POwen
0 Official Model
1 71 0 -30 14 0 0 1 1 0 0 0 1 0 3023.dat
1 71 0 -20 6 0 0 1 1 0 0 0 1 0 3024.dat
0 STEP
1 71 0 -50 6 0 0 -1 -1 0 0 0 1 0 60478.dat
0 STEP
1 71 0 -30 -2 0 0 1 1 0 0 0 1 0 60478.dat
1 71 0 -60 -2 0 0 1 1 0 0 0 1 0 3024.dat
0 STEP
1 71 0 -40 -10 0 0 1 1 0 0 0 1 0 63864.dat
0
0 STEP
0 NOFILE
0 FILE Strut_Middle.ldr
0 Strut (Middle)
0 Name: Strut_Middle.ldr
0 Author: C3POwen
0 Official Model
1 71 0 -70 6 0 0 1 1 0 0 0 1 0 3666.dat
1 71 0 -70 -2 0 0 1 1 0 0 0 1 0 3023.dat
0 STEP
1 71 0 -30 -2 0 0 1 1 0 0 0 1 0 60478.dat
1 71 0 -110 -2 0 0 -1 -1 0 0 0 1 0 60478.dat
0 STEP
1 71 0 -70 -10 0 0 1 1 0 0 0 1 0 6636.dat
0
0 STEP
0 NOFILE
0 FILE Strut_Upper.ldr
0 Strut (Upper)
0 Name: Strut_Upper.ldr
0 Author: C3POwen
0 Official Model
1 71 0 -90 -2 0 0 1 1 0 0 0 1 0 3710.dat
0 STEP
1 71 0 -30 -2 0 0 1 1 0 0 0 1 0 60478.dat
1 71 0 -150 -2 0 0 -1 -1 0 0 0 1 0 60478.dat
0 STEP
1 71 0 -90 -10 0 0 1 1 0 0 0 1 0 4162.dat
