0 
0 Name: 
0 Author: 
0 STEP
0 STEP
0 STEP
0 STEP
0 STEP
0 STEP
0 STEP
0 STEP
0 STEP
0 STEP
0 STEP
0 STEP
0 STEP
0 STEP
0 STEP
0 Assembly 1
0 Assembly 1
0 Assembly 2
0 Assembly 2
0 STEP
1 19 110 -16 70 0 0 -1 0 1 0 1 0 0 50746.DAT
1 19 110 -16 50 0 0 -1 0 1 0 1 0 0 50746.DAT
1 19 110 -16 30 0 0 -1 0 1 0 1 0 0 50746.DAT
1 19 110 -16 10 0 0 -1 0 1 0 1 0 0 50746.DAT
1 19 110 -16 -10 0 0 -1 0 1 0 1 0 0 50746.DAT
1 19 110 -16 -30 0 0 -1 0 1 0 1 0 0 50746.DAT
1 19 110 -16 -50 0 0 -1 0 1 0 1 0 0 50746.DAT
1 19 110 -16 -70 0 0 -1 0 1 0 1 0 0 50746.DAT
1 19 110 -16 -90 0 0 -1 0 1 0 1 0 0 50746.DAT
0 STEP
1 19 70 -16 90 0 0 -1 0 1 0 1 0 0 50746.DAT
1 19 0 -24 90 1 0 0 0 1 0 0 0 1 3666.DAT
1 19 -100 -24 90 1 0 0 0 1 0 0 0 1 3710.DAT
1 19 60 -24 -90 1 0 0 0 1 0 0 0 1 3710.DAT
1 19 -60 -24 -90 1 0 0 0 1 0 0 0 1 3460.DAT
0 STEP
0 STEP
1 19 80 -32 60 0 0 -1 0 1 0 1 0 0 3068B.DAT
1 19 80 -32 20 0 0 -1 0 1 0 1 0 0 3068B.DAT
1 19 90 -32 -10 0 0 -1 0 1 0 1 0 0 3070B.DAT
1 19 70 -24 -10 0 0 -1 0 1 0 1 0 0 50746.DAT
0 STEP
1 19 90 -24 -30 0 0 -1 0 1 0 1 0 0 50746.DAT
1 19 90 -24 -90 0 0 -1 0 1 0 1 0 0 50746.DAT
1 40 90 -48 -60 0 0 -1 0 1 0 1 0 0 4865A.DAT
0 STEP
1 19 70 -24 -90 0 0 1 0 1 0 -1 0 0 50746.DAT
1 19 70 -24 -30 0 0 1 0 1 0 -1 0 0 50746.DAT
1 15 70 -48 -60 0 0 1 0 1 0 -1 0 0 3937.DAT
0 STEP
1 19 50 -24 70 0 0 -1 0 1 0 1 0 0 50746.DAT
1 19 50 -24 50 0 0 -1 0 1 0 1 0 0 50746.DAT
1 19 50 -24 30 0 0 -1 0 1 0 1 0 0 50746.DAT
1 19 50 -32 90 0 0 -1 0 1 0 1 0 0 3070B.DAT
1 19 50 -32 10 0 0 -1 0 1 0 1 0 0 3070B.DAT
0 STEP
1 19 50 -24 -30 0 0 -1 0 1 0 1 0 0 50746.DAT
1 19 50 -24 -90 0 0 -1 0 1 0 1 0 0 50746.DAT
1 15 50 -24 -60 0 0 -1 0 1 0 1 0 0 85984.DAT
0 STEP
1 15 30 -48 -60 0 0 -1 0 1 0 1 0 0 3937.DAT
1 19 30 -24 90 0 0 -1 0 1 0 1 0 0 50746.DAT
1 0 30 -24 10 0 0 -1 0 1 0 1 0 0 50746.DAT
0 STEP
1 19 -60 -32 90 1 0 0 0 1 0 0 0 1 3460.DAT
1 19 10 -32 -90 1 0 0 0 1 0 0 0 1 3623.DAT
1 19 -80 -32 -90 1 0 0 0 1 0 0 0 1 3666.DAT
0 STEP
0 STEP
1 19 -160 -40 0 0 0 -1 0 1 0 1 0 0 3070B.DAT
0 STEP
1 19 30 -40 70 0 0 -1 0 1 0 1 0 0 3070B.DAT
1 19 0 -40 50 1 0 0 0 1 0 0 0 1 2431.DAT
1 19 -20 -40 70 1 0 0 0 1 0 0 0 1 2431.DAT
1 19 -20 -40 90 1 0 0 0 1 0 0 0 1 2431.DAT
1 19 -100 -40 90 1 0 0 0 1 0 0 0 1 2431.DAT
0 STEP
1 19 -40 -40 0 0 0 1 0 1 0 -1 0 0 3069B.DAT
1 19 40 -40 -10 1 0 0 0 1 0 0 0 1 3069B.DAT
1 19 0 -40 0 0 0 -1 0 1 0 1 0 0 3068B.DAT
1 19 0 -40 -30 1 0 0 0 1 0 0 0 1 2431.DAT
1 19 0 -40 30 1 0 0 0 1 0 0 0 1 2431.DAT
0 STEP
1 19 10 -40 -50 0 0 -1 0 1 0 1 0 0 3070B.DAT
1 19 30 -40 -90 0 0 -1 0 1 0 1 0 0 3070B.DAT
1 19 -20 -40 -50 1 0 0 0 1 0 0 0 1 3069B.DAT
1 19 -20 -40 -70 1 0 0 0 1 0 0 0 1 2431.DAT
1 19 -20 -40 -90 1 0 0 0 1 0 0 0 1 2431.DAT
1 19 -100 -40 -90 1 0 0 0 1 0 0 0 1 2431.DAT
0 STEP
1 19 -196.566299 -40 61.38908 -0.165132 0 0.986889 0 1 0 -0.986889 0 -0.165132 30414.DAT
1 19 -170.262207 -40 36.697357 -0.165132 0 0.986889 0 1 0 -0.986889 0 -0.165132 3003.DAT
0 STEP
1 19 -48.532982 -48 36.619331 -0.986889 0 -0.165132 0 1 0 0.165132 0 -0.986889 3022.DAT
0 STEP
1 19 -81.442268 -48 21.83551 0.165132 0 -0.986889 0 1 0 0.986889 0 0.165132 3023.DAT
1 19 -73.185684 -48 71.179939 -0.165132 0 0.986889 0 1 0 -0.986889 0 -0.165132 2420.DAT
0 STEP
1 19 -147.221832 -48 53.1325 0.986889 0 0.165132 0 1 0 -0.165132 0 0.986889 3032.DAT
0 STEP
1 40 -38.664101 -72 34.968018 0.165132 0 -0.986889 0 1 0 0.986889 0 0.165132 4865A.DAT
1 15 -58.401855 -72 38.270638 -0.165132 0 0.986888 0 1 0 -0.986888 0 -0.165132 3937.DAT
1 15 -53.447914 -48 67.877304 -0.165132 0 0.986888 0 1 0 -0.986888 0 -0.165132 50746.DAT
0 STEP
1 40 -73.185669 -48 71.179939 0.165131 0 -0.986888 0 1 0 0.986888 0 0.165131 50746.DAT
1 40 -83.093559 -48 11.966599 0.165131 0 -0.986888 0 1 0 0.986888 0 0.165131 50746.DAT
1 15 -96.226105 -56 54.744797 0.986888 0 0.165131 0 1 0 -0.165131 0 0.986888 2420.DAT
1 15 -99.528709 -56 35.007027 -0.165131 0 0.986888 0 1 0 -0.986888 0 -0.165131 2420.DAT
0 STEP
1 15 -97.87738 -80 44.875923 0.165131 0 -0.986888 0 1 0 0.986888 0 0.165131 3937.DAT
1 15 -92.92347 -56 74.482559 -0.986888 0 -0.165132 0 1 0 0.165132 0 -0.986888 50746.DAT
1 15 -102.831345 -56 15.269302 0.986888 0 0.165131 0 1 0 -0.165131 0 0.986888 50746.DAT
0 STEP
1 15 -114.312553 -48 67.916321 -0.165131 0 0.986888 0 1 0 -0.986888 0 -0.165131 85984.DAT
1 15 -120.917824 -48 28.440804 -0.165131 0 0.986888 0 1 0 -0.986888 0 -0.165131 85984.DAT
1 15 -137.352951 -72 51.481178 0.165131 0 -0.986888 0 1 0 0.986888 0 0.165131 3937.DAT
1 40 -132.399002 -48 81.087845 0.165131 0 -0.986888 0 1 0 0.986888 0 0.165131 50746.DAT
1 40 -142.306885 -48 21.874542 0.165131 0 -0.986888 0 1 0 0.986888 0 0.165131 50746.DAT
0 STEP
1 15 -153.788101 -48 74.521576 -0.165131 0 0.986888 0 1 0 -0.986888 0 -0.165131 85984.DAT
1 15 -160.393402 -48 35.046059 -0.165131 0 0.986888 0 1 0 -0.986888 0 -0.165131 85984.DAT
1 15 -176.828491 -72 58.086449 0.165131 0 -0.986888 0 1 0 0.986888 0 0.165131 3937.DAT
1 15 -171.874496 -48 87.693115 0.165131 0 -0.986888 0 1 0 0.986888 0 0.165131 50746.DAT
1 15 -181.782394 -48 28.47979 0.165131 0 -0.986888 0 1 0 0.986888 0 0.165131 50746.DAT
0 STEP
1 40 -191.612305 -48 90.995712 -0.165131 0 0.986888 0 1 0 -0.986888 0 -0.165131 50746.DAT
1 40 -201.520203 -48 31.782417 -0.165131 0 0.986888 0 1 0 -0.986888 0 -0.165131 50746.DAT
1 40 -196.566299 -56 61.389091 -0.165131 0 0.986888 0 1 0 -0.986888 0 -0.165131 3023.DAT
0 STEP
1 40 -194.914902 -56 71.257965 -0.165131 0 0.986888 0 1 0 -0.986888 0 -0.165131 50746.DAT
1 40 -198.217606 -56 51.520203 -0.165131 0 0.986888 0 1 0 -0.986888 0 -0.165131 50746.DAT
1 19 -214.3255 -30 64.360641 -0.165131 0.986288 0 0 0 -1.000608 -0.986888 -0.165031 0 3023.DAT
1 19 -206.435196 -30 63.04039 0 0.986288 0.165131 -1.000608 0 0 0 -0.165031 0.986888 93273.DAT
0 STEP
1 19 -196.566299 -40 -61.389099 0.165128 0 0.986889 0 1 0 -0.986889 0 0.165128 30414.DAT
1 19 -170.262207 -40 -36.697403 0.165128 0 0.986889 0 1 0 -0.986889 0 0.165128 3003.DAT
0 STEP
1 19 -38.664059 -48 -34.968597 -0.986889 0 0.165128 0 1 0 -0.165128 0 -0.986889 3021.DAT
0 STEP
1 19 -83.09346 -48 -11.967102 0.165128 0 0.986889 0 1 0 -0.986889 0 0.165128 2420.DAT
1 19 -73.185799 -48 -71.180405 0.986889 0 -0.165128 0 1 0 0.165128 0 0.986889 2420.DAT
0 STEP
1 19 -147.221878 -48 -53.132706 0.986889 0 -0.165128 0 1 0 0.165128 0 0.986889 3032.DAT
0 STEP
1 40 -18.926279 -72 -31.666107 -0.165128 0 -0.986889 0 1 0 0.986889 0 -0.165128 4865A.DAT
1 15 -38.664032 -72 -34.968597 0.165128 0 0.986889 0 1 0 -0.986889 0 0.165128 3937.DAT
0 STEP
1 15 -58.401844 -48 -38.271194 -0.165128 0 -0.986889 0 1 0 0.986889 0 -0.165128 85984.DAT
1 40 -63.355682 -48 -8.664505 -0.165128 0 -0.986889 0 1 0 0.986889 0 -0.165128 50746.DAT
1 40 -53.448013 -48 -67.877899 -0.165128 0 -0.986889 0 1 0 0.986889 0 -0.165128 50746.DAT
1 15 -78.139633 -48 -41.5737 0.165128 0 0.986889 0 1 0 -0.986889 0 0.165128 85984.DAT
1 40 -73.185799 -48 -71.180405 0.165128 0 0.986889 0 1 0 -0.986889 0 0.165128 50746.DAT
1 40 -83.093475 -48 -11.967102 0.165128 0 0.986889 0 1 0 -0.986889 0 0.165128 50746.DAT
0 STEP
1 15 -97.87738 -72 -44.876297 -0.165128 0 -0.986889 0 1 0 0.986889 0 -0.165128 3937.DAT
1 15 -102.831253 -56 -15.269608 -0.165128 0 -0.986889 0 1 0 0.986889 0 -0.165128 3024.DAT
1 15 -92.923584 -56 -74.483002 -0.165128 0 -0.986889 0 1 0 0.986889 0 -0.165128 3024.DAT
1 15 -119.266479 -56 -38.309998 -0.165128 0 -0.986889 0 1 0 0.986889 0 -0.165128 2420.DAT
1 15 -115.963928 -56 -58.047806 -0.986889 0 0.165128 0 1 0 -0.165128 0 -0.986889 2420.DAT
0 STEP
1 15 -92.923553 -56 -74.483002 -0.165128 0 -0.986889 0 1 0 0.986889 0 -0.165128 50746.DAT
1 15 -102.831207 -56 -15.269608 -0.165128 0 -0.986889 0 1 0 0.986889 0 -0.165128 50746.DAT
1 15 -120.917763 -56 -28.441101 0.165128 0 0.986889 0 1 0 -0.986889 0 0.165128 85984.DAT
1 15 -114.312653 -56 -67.916702 0.165128 0 0.986889 0 1 0 -0.986889 0 0.165128 85984.DAT
0 STEP
1 15 -137.352982 -80 -51.4814 -0.165128 0 -0.986889 0 1 0 0.986889 0 -0.165128 3937.DAT
1 40 -142.306824 -48 -21.874695 -0.165128 0 -0.986889 0 1 0 0.986889 0 -0.165128 50746.DAT
1 40 -132.399139 -48 -81.088104 -0.165128 0 -0.986889 0 1 0 0.986889 0 -0.165128 50746.DAT
1 15 -153.788208 -48 -74.521805 0.165128 0 0.986889 0 1 0 -0.986889 0 0.165128 85984.DAT
1 15 -160.393311 -48 -35.046204 0.165128 0 0.986889 0 1 0 -0.986889 0 0.165128 85984.DAT
0 STEP
1 15 -176.828491 -72 -58.086502 -0.165128 0 -0.986889 0 1 0 0.986889 0 -0.165128 3937.DAT
1 15 -181.782394 -48 -28.479797 -0.165128 0 -0.986889 0 1 0 0.986889 0 -0.165128 50746.DAT
1 15 -171.874695 -48 -87.693207 -0.165128 0 -0.986889 0 1 0 0.986889 0 -0.165128 50746.DAT
1 40 -191.612503 -48 -90.995804 0.165128 0 0.986889 0 1 0 -0.986889 0 0.165128 50746.DAT
1 40 -201.520203 -48 -31.782394 0.165128 0 0.986889 0 1 0 -0.986889 0 0.165128 50746.DAT
1 40 -196.566299 -56 -61.389099 0.165128 0 0.986889 0 1 0 -0.986889 0 0.165128 3023.DAT
0 STEP
1 40 -198.217606 -56 -51.520203 0.165128 0 0.986889 0 1 0 -0.986889 0 0.165128 50746.DAT
1 40 -194.9151 -56 -71.257904 0.165128 0 0.986889 0 1 0 -0.986889 0 0.165128 50746.DAT
1 19 -214.325607 -30 -64.360596 0.165128 0.986289 0 0 0 -1.000608 -0.986889 0.165027 0 3023.DAT
1 19 -206.435303 -30 -63.040298 0 0.986289 -0.165128 -1.000608 0 0 0 0.165027 0.986889 93273.DAT
0 STEP
1 19 -159.034302 -36.006081 -103.801102 0 -0.165027 -0.986889 -1.000608 0 0 0 0.986289 -0.165128 3068B.DAT
1 19 -159.034103 -36.006069 103.80098 0 -0.165031 0.986888 -1.000607 0 0 0 -0.986288 -0.165132 3068B.DAT
0 STEP
1 71 62.990898 -45.1325 -60 0 0.700909 0.71325 0 0.71325 -0.700909 -1 0 0 3938.DAT
1 15 66.041397 -70.562683 -60 0 0.700909 -0.71325 0 0.71325 0.700909 1 0 0 64225.DAT
1 71 -65.494995 -68.946587 39.467377 -0.165031 0.709475 0.685133 0 0.694658 -0.719339 -0.986288 -0.118714 -0.114641 3938.DAT
1 15 -63.14394 -94.447899 39.073982 0.165031 0.709475 -0.685133 0 0.694658 0.719339 0.986288 -0.118714 0.114641 64225.DAT
1 71 -170.825989 -69.933533 57.072201 0.165032 -0.600414 -0.782475 0 0.793353 -0.608761 0.986288 0.100465 0.130929 3938.DAT
1 15 -176.868805 -94.802406 58.08334 -0.165032 -0.600414 0.782475 0 0.793353 0.608761 -0.986288 0.100465 -0.130929 64225.DAT
1 71 -171.895508 -70.660263 -57.270996 -0.165028 -0.493144 -0.854151 0 0.866025 -0.5 0.986289 -0.082514 -0.142918 3938.DAT
1 15 -181.088196 -94.516647 -58.809097 0.165028 -0.493144 0.854151 0 0.866025 0.5 -0.986289 -0.082514 0.142918 64225.DAT
0 STEP
1 71 33.090157 -47.510578 -60 0 -0.309017 -0.951057 0 0.951057 -0.309017 1 0 0 3938.DAT
1 15 23.579292 -50.599812 -60 0 -0.309017 0.951057 0 0.951057 0.309017 -1 0 0 30602.DAT
0 STEP
1 71 -45.818321 -68.883537 -36.165695 0.165128 0.715428 0.67933 0 0.688355 -0.725816 -0.986889 0.119706 0.113666 3938.DAT
1 15 -31.16186 -96.164864 -33.713303 -0.165128 0.715428 -0.67933 0 0.688355 0.725816 0.986889 0.119706 -0.113666 47753.DAT
1 40 -7.19828 -86.902496 -29.703705 -0.165128 0.715428 -0.67933 0 0.688355 0.725816 0.986889 0.119706 -0.113666 3023.DAT
0 STEP
1 71 -130.258209 -76.946587 -50.294296 -0.165128 -0.709477 -0.68555 0 0.694659 -0.719777 0.986889 -0.118711 -0.114707 6134.DAT
1 0 -124.582397 -82.50386 -49.344604 -0.165128 -0.709477 -0.68555 0 0.694659 -0.719777 0.986889 -0.118711 -0.114707 3023.DAT
1 15 -139.473083 -109.654503 -51.836105 0.165128 -0.709477 0.68555 0 0.694659 0.719777 -0.986889 -0.118711 0.114707 47753.DAT
1 40 -163.356003 -100.180397 -55.832306 0.165128 -0.709477 0.68555 0 0.694659 0.719777 -0.986889 -0.118711 0.114707 3023.DAT
1 71 -129.323441 -67.807037 50.137642 0.165131 -0.802952 -0.573089 0 0.580703 -0.81461 0.986888 0.134354 0.095892 6134.DAT
1 0 -122.899834 -72.45266 49.06282 0.165131 -0.802952 -0.573089 0 0.580703 -0.81461 0.986888 0.134354 0.095892 3023.DAT
1 15 -133.668884 -101.536598 50.864754 -0.165131 -0.802952 0.573089 0 0.580703 0.81461 -0.986888 0.134354 -0.095892 47753.DAT
1 40 -158.670593 -95.745796 55.048187 -0.165131 -0.802952 0.573089 0 0.580703 0.81461 -0.986888 0.134354 -0.095892 3023.DAT
0 STEP
1 71 -89.513184 -75.299187 43.476387 0.165131 -0.83642 -0.522971 0 0.529919 -0.848563 0.986888 0.139954 0.087506 6134.DAT
1 15 -82.821823 -79.538544 42.356758 0.165131 -0.83642 -0.522971 0 0.529919 -0.848563 0.986888 0.139954 0.087506 3069B.DAT
1 15 -108.970367 -121.966698 46.732063 -0.165131 -0.83642 0.522971 0 0.529919 0.848563 -0.986888 0.139954 -0.087506 47753.DAT
1 40 -117.123383 -105.002403 48.09626 0.165131 -0.83642 -0.522971 0 0.529919 -0.848563 0.986888 0.139954 0.087506 3023.DAT
1 40 -123.814743 -100.763 49.215889 0.165131 -0.83642 -0.522971 0 0.529919 -0.848563 0.986888 0.139954 0.087506 3023.DAT
1 40 -134.27417 -117.734299 50.966011 0.165131 -0.83642 -0.522971 0 0.529919 -0.848563 0.986888 0.139954 0.087506 3023.DAT
0 STEP
1 0 -76.871445 -76.912987 -41.361603 0.165128 -0.807921 0.566055 0 0.573576 0.819649 -0.986888 -0.135183 0.094713 3023.DAT
1 15 -76.068634 -89.698097 -41.227203 0.165128 -0.807921 0.566055 0 0.573576 0.819649 -0.986888 -0.135183 0.094713 43712.DAT
1 15 -100.316467 -96.913849 -45.284393 0.566055 -0.807921 -0.165128 0.819649 0.573576 0 0.094713 -0.135183 0.986888 3020.DAT
1 71 -89.798172 -67.735764 -43.524506 -0.165128 -0.807921 -0.566055 0 0.573576 -0.819649 0.986888 -0.135183 -0.094713 6134.DAT
1 40 -112.440399 -100.521698 -47.313004 -0.165128 -0.807921 -0.566055 0 0.573576 -0.819649 0.986888 -0.135183 -0.094713 3023.DAT
1 40 -123.761513 -116.914703 -49.207306 -0.165128 -0.807921 -0.566055 0 0.573576 -0.819649 0.986888 -0.135183 -0.094713 3023.DAT
1 40 -135.082611 -133.307693 -51.101501 -0.165128 -0.807921 -0.566055 0 0.573576 -0.819649 0.986888 -0.135183 -0.094713 3023.DAT
1 15 -70.408081 -81.501602 -40.280106 0.165128 -0.807921 0.566055 0 0.573576 0.819649 -0.986888 -0.135183 0.094713 85984.DAT
0 STEP
0 WORLD  0 0 0 0.838437 -0.1088108 -0.5340259 -0.247141 0.7974173 -0.5504972 0.4857415 0.5935369 0.6416923
0 CENTRE  0 0 0
0 LOOKAT  36 87 0
0 ROTANGLE 0
0 ZOOM  58
0 STEP