0 FILE TestCar.dat
0 Car with driver
0 Name: TestCar.dat
0 Author: Lars C. Hassing 20010109 sp.lars@am.hassings.dk
0 Unofficial Model
0 ROTATION CENTER 0 0 0 1 "Custom" 
0 ROTATION CONFIG 0 1
1 4 0 0 0 1 0 0 0 1 0 0 0 1 Car.dat
1 2 0 7 8 1 0 0 0 1 0 0 0 1 Driver.dat
0
0 FILE Driver.dat
0 Driver
0 Name: Driver.dat
0 Author: Lars C. Hassing 20010109 sp.lars@am.hassings.dk
0 Unofficial Model
0 ROTATION CENTER 0 0 0 1 "Custom" 
0 ROTATION CONFIG 0 1
1 1 0 0 0 1 0 0 0 0 1 0 -1 0 972.DAT
1 1 0 0 0 1 0 0 0 0 1 0 -1 0 971.DAT
1 1 0 -12 0 1 0 0 0 1 0 0 0 1 970.DAT
1 16 0 -44 0 1 0 0 0 1 0 0 0 1 9326.DAT
1 14 -23 -58 -17 0 0 -1 0.866025 0.5 0 0.5 -0.866025 0 977.DAT
1 16 1 -35 0 1 0 0 0 0.642788 0.766045 0 -0.766045 0.642788 976.DAT
1 16 -1 -35 0 1 0 0 0 -0.258819 0.965926 0 -0.965926 -0.258819 975.DAT
1 14 23 -34 -27 0 0 -1 0.0871557 0.996195 0 0.996195 -0.0871557 0 977.DAT
1 14 0 -68 0 0.573576 0 -0.819152 0 1 0 0.819152 0 0.573576 3626P01.DAT
0
0 FILE Car.dat
0 Car
0 Name: Car.dat
0 Author: Lars C. Hassing 20010109 sp.lars@am.hassings.dk
0 Unofficial Model
0 ROTATION CENTER 0 0 0 1 "Custom" 
0 ROTATION CONFIG 0 1
1 16 0 24 -80 1 0 0 0 1 0 0 0 1 4600.DAT
1 16 0 24 40 1 0 0 0 1 0 0 0 1 4600.DAT
1 15 30 29 -80 0 0 -1 0 1 0 1 0 0 4624.DAT
1 0 30 29 -80 0 0 -1 0 1 0 1 0 0 3641.DAT
1 15 30 29 40 0 0 -1 0 1 0 1 0 0 4624.DAT
1 0 30 29 40 0 0 -1 0 1 0 1 0 0 3641.DAT
1 15 -30 29 -80 0 0 1 0 1 0 -1 0 0 4624.DAT
1 0 -30 29 -80 0 0 1 0 1 0 -1 0 0 3641.DAT
1 15 -30 29 40 0 0 1 0 1 0 -1 0 0 4624.DAT
1 0 -30 29 40 0 0 1 0 1 0 -1 0 0 3641.DAT
1 16 0 16 -20 0 0 1 0 1 0 -1 0 0 3034.DAT
1 16 0 8 -110 1 0 0 0 1 0 0 0 1 3010P20W.DAT
1 16 10 -16 -90 1 0 0 0 1 0 0 0 1 3045.DAT
1 16 -10 -16 -90 0 0 1 0 1 0 -1 0 0 3045.DAT
1 16 -10 -16 -50 0 0 1 0 1 0 -1 0 0 3046.DAT
1 16 10 -16 -50 1 0 0 0 1 0 0 0 1 3046.DAT
1 16 30 8 -20 0 0 1 0 1 0 -1 0 0 3010.DAT
1 16 -30 8 -20 0 0 1 0 1 0 -1 0 0 3010.DAT
1 16 0 8 -60 0 0 1 0 1 0 -1 0 0 3020.DAT
1 16 0 8 40 0 0 1 0 1 0 -1 0 0 3022.DAT
1 16 0 0 -30 1 0 0 0 1 0 0 0 1 3829.DAT
1 16 -30 -16 -30 1 0 0 0 1 0 0 0 1 3821.DAT
1 16 30 -16 -30 1 0 0 0 1 0 0 0 1 3822.DAT
1 16 10 -16 30 0 0 -1 0 1 0 1 0 0 3063.DAT
1 16 -10 -16 30 -1 0 0 0 1 0 0 0 -1 3063.DAT
1 47 0 -48 -30 1 0 0 0 1 0 0 0 1 2437.DAT
1 15 0 -64 30 1 0 0 0 1 0 0 0 1 4083.DAT
0
