0 FILE 442.ldr
0 Space Shuttle
0 Name: 442.ldr
0 Author: Lego2Lego
0 ROTATION CENTER 0 0 0 1 "Custom" 
0 ROTATION CONFIG 0 0
1 7 0 0 0 1 0 0 0 1 0 -0 0 1 3035.dat
1 7 0 -8 60 0 0 1 0 1 0 -1 0 0 3020.dat
1 7 -40 -8 -60 0 0 1 0 1 0 -1 0 0 3936.dat
1 7 40 -8 -60 -0 0 -1 0 1 0 1 0 -0 3935.dat
0 STEP
1 7 0 0 -100 0 0 1 0 1 0 -1 0 0 3795.dat
0 STEP
1 7 -100 -8 0 0 0 1 0 1 0 -1 0 0 3936.dat
1 7 100 -8 0 -0 0 -1 0 1 0 1 0 -0 3935.dat
1 7 40 -8 30 -1 0 -0 0 1 0 0 0 -1 3023.dat
1 7 -40 -8 30 -1 0 -0 0 1 0 0 0 -1 3023.dat
1 7 0 -8 -110 0 -0 -1 -0 1 -0 1 0 0 3021.dat
0 STEP
1 7 10 8 -80 0 0 1 0 1 0 -1 0 0 3475b.dat
1 7 -10 8 -80 0 0 -1 0 1 0 1 0 0 3475b.dat
1 7 0 8 -20 0 0 1 0 1 0 -1 0 0 3020.dat
1 7 0 16 -40 0 0 1 0 1 0 -1 0 0 3795.dat
0 STEP
1 7 0 -16 30 1 0 0 0 1 0 -0 0 1 3460.dat
1 7 70 -16 -10 -0 0 1 0 1 0 -1 0 -0 3623.dat
1 7 -70 -16 -10 -0 0 1 0 1 0 -1 0 -0 3623.dat
1 7 0 -32 -50 -1 0 0 0 1 0 -0 0 -1 3039p34.dat
1 7 0 -8 -150 1 0 0 0 1 -0 -0 0 1 3839a.dat
0 STEP
1 7 0 -32 -70 1 0 -0 -0 1 -0 0 0 1 3298p90.dat
1 7 0 -40 -50 -1 -0 0 -0 1 -0 -0 -0 -1 3794b.dat
1 7 -70 -24 30 0 0 1 0 1 0 -1 0 0 3024.dat
1 7 70 -24 30 0 0 1 0 1 0 -1 0 0 3024.dat
0 STEP
1 7 40 -16 -30 1 0 -0 0 1 0 0 0 1 3829c01.dat
1 7 -40 -16 -30 1 0 -0 0 1 0 0 0 1 3829c01.dat
1 7 0 -56 100 1 0 -0 0 1 0 0 0 1 3479.dat
1 7 0 -56 -50 0.999999 0 0 0 1 0 -0 0 0.999999 torch.ldr
0 STEP
1 7 0 -64 100 1 0 -0 0 1 0 0 0 1 3795.dat
1 7 90 -32 30 -0 0 -1 0 1 0 1 0 -0 3963.dat
1 7 -90 -32 30 0 0 1 0 1 0 -1 0 0 3963.dat
0 STEP
1 36 -50 -72 110 1 0 -0 0 1 0 0 0 1 3024.dat
1 36 50 -72 110 1 0 -0 0 1 0 0 0 1 3024.dat
1 7 -50 -24 30 1 0 -0 0 1 0 0 0 1 3957a.dat
0 STEP
1 0 40 -53 8 1 0 0 0 1 0 -0 0 1 white spaceman.ldr
0 STEP
0 NOFILE
0
0 FILE torch.ldr
0 torch
0 Name: torch.ldr
0 Author: Lego2Lego
0 ROTATION CENTER 0 0 0 1 "Custom" 
0 ROTATION CONFIG 0 0
1 7 0 0 0 1 0 0 0 1 0 -0 0 1 3959.dat
1 34 0 0 -24 1 0 0 0 0 1 0 -1 0 3062b.dat
0 NOFILE
0
0 FILE white spaceman.ldr
0 white spaceman
0 Name: white spaceman.ldr
0 Author: Lego2Lego
0 ROTATION CENTER 0 0 0 1 "Custom" 
0 ROTATION CONFIG 0 0
1 15 0 -28 0 0.93358 0 -0.358368 0 1 0 0.358368 0 0.93358 3842a.dat
1 14 0 -28 0 0.93358 0 -0.358368 0 1 0 0.358368 0 0.93358 3626bp01.dat
1 15 0 -2 0 1 0 0 0 1 0 0 0 1 3838.dat
1 15 0 0 0 1 0 0 0 1 0 0 0 1 973p90.dat
1 15 15.4 8 0 0.985435 0.132157 0.107019 -0.170055 0.765827 0.620154 0 -0.62932 0.777146 3819.dat
1 15 21.768 15.4989 -19.7285 0.999063 -0.039456 -0.017776 0.037422 0.993976 -0.103006 0.021733 0.102244 0.994522 3820.dat
1 15 -15.4 8 0 0.985435 -0.132157 -0.107019 0.170055 0.765827 0.620154 0 -0.62932 0.777146 3818.dat
1 15 -21.768 15.4989 -19.7285 0.999759 -0.012885 0.017776 0.01465 0.994573 -0.103006 -0.016352 0.103242 0.994522 3820.dat
1 15 0 32 0 1 0 0 0 1 0 0 0 1 3815.dat
1 15 0 44 0 1 0 0 0 -0 1 0 -1 -0 3817.dat
1 15 0 44 0 1 0 0 0 -0 1 0 -1 -0 3816.dat
0 NOFILE
0
0
